##FastQC	0.11.8
>>Basic Statistics	pass
#Measure	Value
Filename	HISAT2 on data 12 and data 11_ aligned reads _BAM_
File type	Conventional base calls
Encoding	Sanger / Illumina 1.9
Total Sequences	70679196
Sequences flagged as poor quality	0
Sequence length	100
%GC	48
>>END_MODULE
>>Per base sequence quality	pass
#Base	Mean	Median	Lower Quartile	Upper Quartile	10th Percentile	90th Percentile
1	32.35726034574587	34.0	31.0	34.0	31.0	34.0
2	32.548314584676376	34.0	31.0	34.0	31.0	34.0
3	32.536422485620804	34.0	31.0	34.0	31.0	34.0
4	36.0654226881698	37.0	37.0	37.0	35.0	37.0
5	36.02677746928531	37.0	37.0	37.0	35.0	37.0
6	35.978439228425856	37.0	36.0	37.0	35.0	37.0
7	35.97536651379	37.0	36.0	37.0	35.0	37.0
8	35.95940062759061	37.0	36.0	37.0	35.0	37.0
9	37.67130493391577	39.0	38.0	39.0	35.0	39.0
10-11	37.68961462861009	39.0	38.0	39.0	35.0	39.0
12-13	37.670819423299605	39.0	38.0	39.0	35.0	39.0
14-15	39.08722716653426	41.0	39.0	41.0	36.0	41.0
16-17	39.05817879563882	41.0	39.0	41.0	36.0	41.0
18-19	39.00346851002662	40.0	39.0	41.0	35.5	41.0
20-21	38.95107497402772	40.0	39.0	41.0	35.0	41.0
22-23	38.82482638880046	40.0	38.0	41.0	35.0	41.0
24-25	38.7484885014821	40.0	38.0	41.0	34.5	41.0
26-27	38.72589869301852	40.0	38.0	41.0	35.0	41.0
28-29	38.68101180720845	40.0	38.0	41.0	34.0	41.0
30-31	38.636999082445705	40.0	38.0	41.0	34.0	41.0
32-33	38.555678689384074	40.0	38.0	41.0	34.0	41.0
34-35	38.52621648384342	40.0	38.0	41.0	34.0	41.0
36-37	38.50517550454309	40.0	38.0	41.0	34.0	41.0
38-39	38.49217051789893	40.0	38.0	41.0	34.0	41.0
40-41	38.4413332106947	40.0	38.0	41.0	34.0	41.0
42-43	38.325373070174706	40.0	38.0	41.0	34.0	41.0
44-45	38.19593813715708	40.0	37.5	41.0	33.0	41.0
46-47	38.04911750128001	40.0	37.0	41.0	33.0	41.0
48-49	37.89173116089209	40.0	37.0	41.0	33.0	41.0
50-51	37.33212207167722	39.5	36.0	40.5	32.0	41.0
52-53	37.25512193149452	39.0	36.0	40.5	32.0	41.0
54-55	37.36343721283983	39.0	35.5	41.0	32.0	41.0
56-57	37.19020758244052	39.0	35.0	41.0	32.0	41.0
58-59	36.95713644648703	39.0	35.0	41.0	32.0	41.0
60-61	36.67687820755629	38.0	35.0	40.0	31.0	41.0
62-63	36.372363290606756	37.5	35.0	40.0	31.0	41.0
64-65	36.07774603859387	37.0	35.0	40.0	31.0	41.0
66-67	35.738809585496696	36.5	35.0	39.5	30.5	41.0
68-69	35.399827461251824	36.0	34.0	39.0	30.0	41.0
70-71	35.04338247565804	35.5	34.0	39.0	30.0	40.5
72-73	34.694072128381315	35.0	34.0	38.0	29.5	40.0
74-75	34.33617265538787	35.0	34.0	37.0	29.0	39.5
76-77	33.51280345633813	35.0	32.5	36.0	28.5	39.0
78-79	33.65572175580492	35.0	33.0	36.0	29.0	39.0
80-81	33.37916986209068	35.0	33.0	36.0	29.0	37.5
82-83	33.10635002837327	35.0	33.0	35.5	28.5	37.0
84-85	32.807741708040936	35.0	33.0	35.0	27.5	37.0
86-87	32.53956433658357	35.0	33.0	35.0	27.0	36.0
88-89	32.25222553465379	35.0	32.5	35.0	27.0	36.0
90-91	31.937600995065083	34.5	32.0	35.0	26.0	36.0
92-93	31.6262087786058	34.0	32.0	35.0	25.0	35.0
94-95	31.313946341438292	34.0	32.0	35.0	25.0	35.0
96-97	30.922733947058482	34.0	31.5	35.0	24.0	35.0
98-99	30.38878868259905	34.0	31.0	35.0	20.5	35.0
100	28.196932885314656	32.0	27.0	34.0	2.0	35.0
>>END_MODULE
>>Per sequence quality scores	pass
#Quality	Count
2	11206.0
3	6701.0
4	5393.0
5	5664.0
6	6179.0
7	7621.0
8	9894.0
9	13399.0
10	17769.0
11	23143.0
12	29627.0
13	36338.0
14	43717.0
15	51962.0
16	62107.0
17	73859.0
18	88240.0
19	104490.0
20	124433.0
21	150474.0
22	184885.0
23	232617.0
24	295823.0
25	376348.0
26	477354.0
27	607797.0
28	771053.0
29	953474.0
30	1202355.0
31	1540338.0
32	2009563.0
33	2727918.0
34	3971568.0
35	6097806.0
36	1.0373028E7
37	1.6855944E7
38	1.732958E7
39	3797487.0
40	2042.0
>>END_MODULE
>>Per base sequence content	warn
#Base	G	A	T	C
1	34.12224298646521	17.968321258210125	9.177735977641852	38.73169977768281
2	26.386057314979755	18.229203098892597	29.681645730375156	25.703093855752496
3	25.8227198491075	19.110649721198712	22.96933837374176	32.097292055952025
4	28.620271798224756	21.99126600138462	20.966170865893837	28.422291334496784
5	30.303807952524643	22.837872080876988	22.66911660985362	24.189203356744752
6	27.86924986845821	26.327494720253554	22.99708384620921	22.80617156507903
7	23.073073167962747	25.710944612482738	31.53837192419575	19.67761029535876
8	22.202966516525834	26.05418751585951	29.403134826309213	22.339711141305443
9	21.958613139269627	24.359751126197747	31.393671079587136	22.28796465494549
10-11	24.184729949972176	28.885221456151033	25.497611761088457	21.43243683278833
12-13	24.207717359999396	25.98855185053322	26.469215920339558	23.334514869127826
14-15	24.325032937727705	26.359861760264465	26.256918932618767	23.058186369389063
16-17	24.741175804609043	26.154630003661495	25.757377742597008	23.346816449132454
18-19	24.44839374320239	26.129246746447947	25.737126656505684	23.68523285384398
20-21	24.409135325210958	26.12542405780066	25.89169614369457	23.57374447329381
22-23	24.576078935589475	26.032626347362527	25.76588166056671	23.625413056481285
24-25	24.360904395988836	25.93893879195242	25.937968916722724	23.76218789533602
26-27	24.201295556625286	26.02606236512695	26.04525188745251	23.72739019079525
28-29	24.316498480801187	25.921754443285934	25.896308483024544	23.865438592888342
30-31	24.163152782680605	25.876761392857723	25.936381521283153	24.02370430317852
32-33	24.193864627435772	25.967518787282184	25.93178620764164	23.906830377640404
34-35	24.44437610750411	26.012033300435395	25.686932686670627	23.85665790538987
36-37	24.186935773674275	26.04102168962168	25.869987625071282	23.902054911632767
38-39	24.051119769812306	26.114446993921824	26.002584508907407	23.831848727358462
40-41	24.16588114556368	26.02274154335315	25.831403769788214	23.979973541294953
42-43	24.01584689786228	25.969312808821428	25.956613881119985	24.058226412196312
44-45	24.042108823501966	26.046926269426812	26.045884236573375	23.865080670497843
46-47	24.179281835633784	26.029870232253348	25.883370970999724	23.90747696111314
48-49	23.97556276672983	26.097938352326477	25.999985200737147	23.926513680206547
50-51	23.934997051607578	25.998919851859092	26.18796982885798	23.87811326767535
52-53	24.1275689401952	25.93486456658144	25.858542248535798	24.079024244687563
54-55	24.104148448049926	26.039807996952085	25.859710433440803	23.996333121557186
56-57	24.011797340350054	26.145218552497894	26.013346566655844	23.829637540496208
58-59	23.98416855222858	26.114288991063226	25.893081041838677	24.00846141486952
60-61	23.881501849568295	25.93731046402961	26.07027745476901	24.11091023163308
62-63	23.81510678191642	25.99821381669367	26.225005445732574	23.961673955657332
64-65	24.051100859210813	26.014083348659682	25.948989691114306	23.9858261010152
66-67	23.997319455722657	26.018937510931035	25.984150622994367	23.99959241035194
68-69	23.911507142780742	26.097481357880753	26.17500204727852	23.81600945205998
70-71	23.987029902332	26.070240969330712	26.023224199039724	23.919504929297563
72-73	23.869974112089505	26.052677530508923	26.05725675078267	24.0200916066189
74-75	23.87606537669535	26.113857566164995	26.15103822481141	23.859038832328245
76-77	24.031041779472435	26.121847977174557	25.92011393225323	23.926996311099778
78-79	23.914059520428047	26.059197815436384	26.056975803742873	23.969766860392696
80-81	23.828192669311065	26.16489652768546	26.1680289911617	23.838881811841777
82-83	23.948290951130797	26.07823594937328	25.99717249188856	23.976300607607364
84-85	23.92153201629515	25.98650174232316	26.029293683533126	24.062672557848565
86-87	23.89407383030629	26.1079780526272	26.107252235737093	23.890695881329417
88-89	24.057644911523894	26.158243933618035	25.91439990347372	23.869711251384356
90-91	23.974865860628643	26.074831711167306	26.069503396316136	23.88079903188792
92-93	23.802729731107863	26.162213984437514	26.190682757625027	23.844373526829592
94-95	23.884512636504805	26.10556294386824	26.02697546248262	23.982948957144334
96-97	23.970561295009638	26.017712482184997	25.973650718947056	24.038075503858305
98-99	23.96782923223971	26.136569238846462	26.053271743498613	23.842329785415217
100	24.359685698745075	25.984053355672014	25.612065536229363	24.044195409353552
>>END_MODULE
>>Per sequence GC content	pass
#GC Content	Count
0	2.0
1	1.5
2	2.5
3	3.0
4	2.0
5	10.5
6	19.5
7	21.5
8	23.0
9	24.5
10	46.0
11	76.5
12	109.5
13	181.5
14	373.0
15	781.0
16	1621.5
17	3162.5
18	6074.0
19	11179.5
20	19083.5
21	31764.0
22	51733.5
23	81690.5
24	123762.5
25	181415.5
26	255835.0
27	349622.0
28	461423.5
29	583570.0
30	715963.0
31	857110.0
32	1002681.0
33	1146082.0
34	1269433.0
35	1386018.5
36	1521204.5
37	1694105.5
38	1851120.5
39	1960037.5
40	2041171.5
41	2106079.0
42	2202819.0
43	2276692.5
44	2304578.5
45	2336458.5
46	2343599.5
47	2294793.0
48	2252712.0
49	2226391.5
50	2189821.0
51	2145539.0
52	2078713.5
53	2011274.0
54	1970098.0
55	1944672.0
56	1875982.5
57	1787131.0
58	1725466.5
59	1670399.5
60	1602716.5
61	1504909.0
62	1394650.0
63	1291291.5
64	1179294.5
65	1053291.5
66	923996.5
67	804223.0
68	690163.0
69	577338.5
70	472221.0
71	378823.5
72	303747.5
73	245865.5
74	198806.5
75	158563.5
76	124453.0
77	100392.0
78	82773.5
79	68169.5
80	54296.5
81	39968.5
82	28826.0
83	20481.5
84	13282.0
85	7807.0
86	4147.0
87	1980.5
88	698.5
89	192.5
90	49.0
91	12.0
92	2.5
93	0.5
94	0.0
95	0.0
96	0.0
97	0.5
98	0.5
99	0.0
100	0.0
>>END_MODULE
>>Per base N content	pass
#Base	N-Count
1	0.0
2	1.6978121822438387E-5
3	4.244530455609597E-6
4	0.0
5	8.489060911219193E-6
6	1.9666324444324467E-4
7	2.857983840110462E-4
8	1.414843485203199E-6
9	1.414843485203199E-6
10-11	3.324882190227518E-5
12-13	0.0
14-15	0.0359582471764393
16-17	6.069678551521723E-4
18-19	0.024653647729665745
20-21	6.366795683414395E-6
22-23	0.0
24-25	2.1222652278047984E-6
26-27	7.074217426015995E-7
28-29	7.074217426015995E-7
30-31	6.508280031934716E-5
32-33	0.0
34-35	0.0
36-37	1.414843485203199E-6
38-39	6.366795683414395E-6
40-41	0.0
42-43	0.0
44-45	6.013084812113595E-5
46-47	0.0
48-49	0.0
50-51	2.829686970406398E-6
52-53	1.414843485203199E-6
54-55	7.781639168617594E-6
56-57	6.366795683414395E-5
58-59	0.0
60-61	0.0
62-63	0.0
64-65	3.777632105492541E-4
66-67	3.7705578880665254E-4
68-69	0.0
70-71	2.2637495763251183E-4
72-73	0.0017324758476313172
74-75	0.0018668859787256211
76-77	7.074217426015995E-7
78-79	0.0
80-81	0.0
82-83	0.0
84-85	0.0
86-87	3.0065424060567983E-4
88-89	0.0
90-91	2.681128404460062E-4
92-93	0.0
94-95	0.0
96-97	0.0
98-99	0.0
100	0.0
>>END_MODULE
>>Sequence Length Distribution	pass
#Length	Count
100	7.0679196E7
>>END_MODULE
>>Sequence Duplication Levels	pass
#Total Deduplicated Percentage	83.07425216772164
#Duplication Level	Percentage of deduplicated	Percentage of total
1	86.91679589079335	72.20547819442159
2	9.349260083064888	15.533655794442932
3	2.1922440380487713	5.463571020901439
4	0.7803320614373394	2.5930200978561433
5	0.34559885144725816	1.4355183067002246
6	0.15928586737801875	0.7939532587989477
7	0.09152800439444125	0.5322534362230503
8	0.05471524458642344	0.36363424209528855
9	0.03250575388399708	0.24303520755549635
>10	0.07766745364329247	0.8326831657481233
>50	6.67513222420512E-5	0.0031972752567605853
>100	0.0	0.0
>500	0.0	0.0
>1k	0.0	0.0
>5k	0.0	0.0
>10k+	0.0	0.0
>>END_MODULE
>>Overrepresented sequences	pass
>>END_MODULE
>>Adapter Content	pass
#Position	Illumina Universal Adapter	Illumina Small RNA 3' Adapter	Illumina Small RNA 5' Adapter	Nextera Transposase Sequence	SOLID Small RNA Adapter
1	0.0	1.414843485203199E-6	0.0	2.829686970406398E-6	1.414843485203199E-6
2	0.0	1.8392965307641586E-5	0.0	1.5563278337235187E-5	1.414843485203199E-6
3	1.414843485203199E-6	2.829686970406398E-5	0.0	2.1222652278047985E-5	8.489060911219193E-6
4	1.9807808792844786E-5	3.8200774100486376E-5	0.0	3.3956243644876774E-5	2.971171318926718E-5
5	2.546718273365758E-5	5.942342637853436E-5	0.0	3.678593061528317E-5	3.254140015967358E-5
6	2.546718273365758E-5	6.649764380455036E-5	0.0	4.103046107089277E-5	3.5371087130079977E-5
7	2.546718273365758E-5	7.781639168617594E-5	0.0	4.103046107089277E-5	3.961561758568957E-5
8	2.546718273365758E-5	8.347576562698874E-5	0.0	4.810467849690877E-5	3.961561758568957E-5
9	2.688202621886078E-5	9.196482653820793E-5	0.0	5.093436546731516E-5	3.961561758568957E-5
10-11	2.971171318926718E-5	1.0045388744942712E-4	0.0	5.376405243772156E-5	4.315272629869757E-5
12-13	4.6689835011705566E-5	1.0752810487544312E-4	0.0	5.8716004635932756E-5	4.739725675430717E-5
14-15	5.2349208952518363E-5	1.1530974404406071E-4	0.0	6.579022206194875E-5	4.810467849690877E-5
16-17	5.2349208952518363E-5	1.223839614700767E-4	0.0	7.003475251755834E-5	4.881210023951037E-5
18-19	5.2349208952518363E-5	1.3228786586649908E-4	0.0	8.206092214178554E-5	5.234920895251836E-5
20-21	5.8716004635932756E-5	1.372398180647103E-4	0.0	8.489060911219194E-5	6.649764380455036E-5
22-23	6.225311334894075E-5	1.400695050351167E-4	0.0	9.054998305300474E-5	8.276834388438713E-5
24-25	6.649764380455036E-5	1.457288789759295E-4	0.0	9.974646570682554E-5	9.833162222162232E-5
26-27	6.649764380455036E-5	1.492659876889375E-4	0.0	1.1318747881625592E-4	1.0682068313284152E-4
28-29	7.003475251755834E-5	1.5916989208535987E-4	0.0	1.245062266978815E-4	1.280433354108895E-4
30-31	7.357186123056635E-5	1.6765895299657906E-4	0.0	1.322878658664991E-4	1.414843485203199E-4
32-33	7.498670471576955E-5	1.7756285739300146E-4	0.0	1.337027093517023E-4	1.478511442037343E-4
34-35	7.498670471576955E-5	1.8534449656161907E-4	0.0	1.3511755283690551E-4	1.499734094315391E-4
36-37	7.710896994357435E-5	1.9383355747283826E-4	0.0	1.379472398073119E-4	1.5916989208535987E-4
38-39	8.064607865658235E-5	2.0161519664145587E-4	0.0	1.4643630071853108E-4	1.6270700079836788E-4
40-41	8.630545259739514E-5	2.0798199232487026E-4	0.0	1.492659876889375E-4	1.6978121822438386E-4
42-43	9.337967002341113E-5	2.2354527066210543E-4	0.0	1.520956746593439E-4	1.8392965307641586E-4
44-45	9.691677873641913E-5	2.3274175331592625E-4	0.0	1.5563278337235188E-4	1.9878550967104944E-4
46-47	9.762420047902073E-5	2.5325698385137265E-4	0.0	1.5916989208535987E-4	2.1505620975088624E-4
48-49	9.762420047902073E-5	2.645757317329982E-4	0.0	1.619995790557663E-4	2.2920464460291824E-4
50-51	1.0611326139023993E-4	2.6811284044600623E-4	0.0	1.6624410951137587E-4	2.3415659680112942E-4
52-53	1.1743200927186553E-4	2.801390100702334E-4	0.0	1.6907379648178227E-4	2.426456577123486E-4
54-55	1.2379880495527992E-4	2.9923939712047656E-4	0.0	1.6978121822438388E-4	2.610386230199902E-4
56-57	1.428991920055231E-4	3.289511103097437E-4	0.0	1.7331832693739187E-4	2.730647926442174E-4
58-59	1.4431403549072628E-4	3.5512571478600293E-4	0.0	1.7968512262080626E-4	2.80846431812835E-4
60-61	1.4431403549072628E-4	3.636147756972221E-4	0.0	1.9807808792844786E-4	2.850909622684446E-4
62-63	1.4431403549072628E-4	3.7917805403445734E-4	0.0	2.1222652278047986E-4	2.9075033620925737E-4
64-65	1.4431403549072628E-4	3.912042236586845E-4	0.0	2.2000816194909744E-4	3.084358797742974E-4
66-67	1.5846247034275829E-4	3.996932845699037E-4	0.0	2.2778980111771502E-4	3.353179059931581E-4
68-69	1.5987731382796148E-4	4.0606008025331807E-4	0.0	2.3203433157332462E-4	3.3885501470616613E-4
70-71	1.5987731382796148E-4	4.173788281349437E-4	0.0	2.405233924845438E-4	3.438069669043773E-4
72-73	1.5987731382796148E-4	4.2940499775917084E-4	1.414843485203199E-6	2.56086670821779E-4	3.5300344955819813E-4
74-75	1.5987731382796148E-4	4.4709054132421086E-4	1.414843485203199E-6	2.695276839312094E-4	3.6715188441023013E-4
76-77	1.7685543565039988E-4	4.6123897617624286E-4	1.414843485203199E-6	2.780167448424286E-4	3.742261018362461E-4
78-79	2.3415659680112944E-4	4.7114288057266526E-4	1.414843485203199E-6	2.829686970406398E-4	3.827151627474653E-4
80-81	5.928194203001404E-4	4.7538741102827486E-4	1.414843485203199E-6	2.9287260143706216E-4	4.081823454811229E-4
82-83	0.001506808311741407	4.8316905019689247E-4	1.414843485203199E-6	2.978245536352734E-4	4.159639846497405E-4
84-85	0.0029407521839948493	4.902432676229084E-4	1.414843485203199E-6	3.112655667447038E-4	4.209159368479517E-4
86-87	0.00549737436175703	4.980249067915261E-4	1.414843485203199E-6	3.657370409250269E-4	4.230382020757565E-4
88-89	0.00842114842392944	5.043917024749404E-4	3.5371087130079974E-6	3.8342258449006693E-4	4.301124195017725E-4
>>END_MODULE
