##FastQC	0.11.8
>>Basic Statistics	pass
#Measure	Value
Filename	HISAT2 on data 2 and data 1_ aligned reads _BAM_
File type	Conventional base calls
Encoding	Sanger / Illumina 1.9
Total Sequences	118410185
Sequences flagged as poor quality	0
Sequence length	100
%GC	48
>>END_MODULE
>>Per base sequence quality	pass
#Base	Mean	Median	Lower Quartile	Upper Quartile	10th Percentile	90th Percentile
1	31.43052982308912	31.0	31.0	34.0	30.0	34.0
2	31.153829976703438	31.0	31.0	34.0	27.0	34.0
3	30.19879452937262	31.0	30.0	34.0	25.0	34.0
4	34.46434986990351	37.0	35.0	37.0	30.0	37.0
5	34.91189420910034	37.0	35.0	37.0	32.0	37.0
6	35.0719870592213	37.0	35.0	37.0	32.0	37.0
7	35.210621425851166	37.0	35.0	37.0	32.0	37.0
8	35.18675743138143	37.0	35.0	37.0	32.0	37.0
9	36.76492696975349	39.0	37.0	39.0	32.0	39.0
10-11	36.722296274598335	39.0	37.0	39.0	32.0	39.0
12-13	36.69839584322919	39.0	37.0	39.0	32.0	39.0
14-15	35.723076241287856	40.0	36.0	41.0	25.0	41.0
16-17	37.36707585162543	39.0	36.0	41.0	31.5	41.0
18-19	37.69736023552366	39.5	37.0	41.0	32.0	41.0
20-21	37.71400061996356	40.0	37.0	41.0	32.0	41.0
22-23	37.58823542079594	40.0	37.0	41.0	32.0	41.0
24-25	37.53506979572745	39.0	37.0	41.0	32.0	41.0
26-27	37.4774973369056	39.0	36.5	41.0	32.0	41.0
28-29	37.37316305181011	39.0	36.0	41.0	31.0	41.0
30-31	37.23286903064969	39.0	36.0	41.0	31.0	41.0
32-33	37.10007459662359	39.0	36.0	40.0	31.0	41.0
34-35	36.92692646751628	39.0	36.0	40.0	30.0	41.0
36-37	36.9224075488101	39.0	36.0	40.0	30.0	41.0
38-39	36.91562681875719	39.0	35.5	40.0	30.0	41.0
40-41	36.92484258849862	39.0	35.0	40.0	30.0	41.0
42-43	36.890329269395195	39.0	35.0	40.0	30.0	41.0
44-45	36.74618061782439	39.0	35.0	40.0	30.0	41.0
46-47	36.60271863015838	39.0	35.0	40.0	30.0	41.0
48-49	36.399202264568714	38.0	35.0	40.0	30.0	41.0
50-51	35.93198743418904	38.0	34.5	40.0	29.5	41.0
52-53	35.839866224345485	38.0	34.0	40.0	29.0	41.0
54-55	35.85652811031416	38.0	34.0	40.0	29.0	41.0
56-57	35.65547003832483	38.0	34.0	40.0	28.5	41.0
58-59	35.37128082352038	37.0	34.0	40.0	28.0	41.0
60-61	35.07952931582702	37.0	33.0	40.0	28.0	41.0
62-63	34.72563622377585	36.0	33.0	39.0	27.5	41.0
64-65	34.3822281292779	36.0	33.0	39.0	27.0	41.0
66-67	34.02575243421839	35.0	32.5	39.0	26.0	40.0
68-69	33.60952954342568	35.0	32.0	38.0	26.0	40.0
70-71	33.24227522319976	35.0	32.0	37.5	26.0	40.0
72-73	32.86011963835712	35.0	31.0	37.0	25.5	39.5
74-75	32.45164226371237	35.0	31.0	36.5	25.0	39.0
76-77	31.67129842758036	34.0	30.0	36.0	24.0	39.0
78-79	31.721484080951313	34.0	31.0	35.5	24.0	38.0
80-81	31.43237710506068	34.0	30.5	35.0	23.5	37.0
82-83	31.036173091867056	34.0	30.0	35.0	22.5	37.0
84-85	30.632978856506305	34.0	30.0	35.0	20.5	36.0
86-87	30.216099092320476	34.0	29.5	35.0	20.0	36.0
88-89	29.810364024006887	34.0	29.0	35.0	18.5	35.5
90-91	29.365787296928893	33.0	29.0	35.0	16.5	35.0
92-93	28.885980162939532	33.0	29.0	35.0	9.0	35.0
94-95	28.35971854954876	33.0	28.0	35.0	2.0	35.0
96-97	27.68665178168584	33.0	27.0	35.0	2.0	35.0
98-99	26.757158997766957	32.5	25.5	34.5	2.0	35.0
100	23.73851885291793	29.0	18.0	33.0	2.0	34.0
>>END_MODULE
>>Per sequence quality scores	pass
#Quality	Count
2	47553.0
3	24719.0
4	23718.0
5	19530.0
6	21560.0
7	25994.0
8	35236.0
9	48871.0
10	64919.0
11	84694.0
12	107138.0
13	132886.0
14	162411.0
15	198357.0
16	239112.0
17	284235.0
18	337165.0
19	396773.0
20	468154.0
21	558245.0
22	679437.0
23	843737.0
24	1061808.0
25	1344764.0
26	1712864.0
27	2185683.0
28	2747803.0
29	3298389.0
30	4050495.0
31	4957978.0
32	6098947.0
33	7759439.0
34	1.0140901E7
35	1.3563667E7
36	1.7921575E7
37	2.0412864E7
38	1.425452E7
39	2093745.0
40	299.0
>>END_MODULE
>>Per base sequence content	fail
#Base	G	A	T	C
1	26.337658277510258	14.102604805080809	14.98277759575556	44.576959321653376
2	21.022927197766748	22.978671477782385	36.24890733748972	19.749493986961152
3	24.968571959201864	25.657223190859856	25.701467933026613	23.672736916911667
4	25.309116052686758	32.87237050600345	19.880346254130934	21.938167187178855
5	26.190320392241308	32.28303043148287	21.387338625402837	20.13931055087299
6	20.694664793301524	33.31750472715209	22.298545016717284	23.6892854628291
7	19.06423736247076	14.5955701140744	41.059391289046545	25.280801234408294
8	21.32877459171344	20.430694148633577	26.994343470131057	31.24618778952193
9	20.53499530127673	20.172417280407263	30.590979253621903	28.701608164694104
10-11	25.748005289874936	29.152090535102648	20.354934416197743	24.74496975882467
12-13	22.67770139902327	22.867306715228256	28.361640386634996	26.09335149911348
14-15	23.416633544795026	24.78012321564646	27.054180617953893	24.74906262160462
16-17	24.422067662507242	25.326077735627216	25.627648500000234	24.62420610186531
18-19	24.28972136138458	25.671752814168812	25.453310878620787	24.58521494582582
20-21	24.182944364223296	25.794367129297523	25.705337617357106	24.31735088912208
22-23	24.19330562763441	26.042574256046073	25.69824665650227	24.06587345981724
24-25	24.169457147218377	26.22938637094407	25.669520564495812	23.93163591734174
26-27	24.07448903149674	26.15059675820961	25.73266944900052	24.042244761293126
28-29	24.233976578957293	25.80500570960175	25.70376272953209	24.25725498190886
30-31	23.87094694212758	25.983816682899473	25.916626778744284	24.228609596228658
32-33	23.873104750237488	26.132560725245046	25.897516754998733	24.096817769518726
34-35	24.280916121613913	26.105060710591964	25.540666758514185	24.073356409279935
36-37	24.119045892703983	26.03336857424936	25.68797387261882	24.15961166042784
38-39	23.986839104376486	25.975316387180346	25.911348491042098	24.126496017401074
40-41	24.146617586132134	25.873231008347492	25.75683937898988	24.223312026530497
42-43	23.921675426557215	25.967763355052085	25.914379334543337	24.19618188384736
44-45	23.966441623456973	25.98848618395068	25.909480264809027	24.135591927783317
46-47	24.050283108254998	25.942380107143155	25.749097320026078	24.258239464575773
48-49	24.036040480808303	25.91305215847775	25.804931813931375	24.245975546782567
50-51	24.00851708828932	25.97323785956419	25.796664366329637	24.22158068581685
52-53	24.125497805652937	25.91838271724068	25.717088345269275	24.23903113183711
54-55	23.984745062259634	25.931751985692785	25.871042680999107	24.212460271048474
56-57	23.984436527438145	25.970947337776433	25.909664547303144	24.134951587482277
58-59	24.14323902964935	25.95893250230122	25.73554631301353	24.162282155035903
60-61	23.961543088544285	26.003660918188753	25.872910763546226	24.16188522972074
62-63	23.943100840523137	26.028352206357923	25.947398443807852	24.081148509311088
64-65	24.098920787028966	25.966222683999344	25.773770899998137	24.16108562897355
66-67	24.027924669525135	26.023329809620442	25.786404152434955	24.162341368419472
68-69	23.979183885237575	26.062861484423827	25.888656030729113	24.069298599609485
70-71	24.092011798579758	25.98322961815514	25.78164645027492	24.143112132990183
72-73	24.045428913637316	25.99839396414752	25.810904177848858	24.145272944366308
74-75	24.003224891507433	26.065066531227863	25.86614740953238	24.06556116773232
76-77	24.11657873856037	25.971660292566895	25.764661207141938	24.1470997617308
78-79	24.003077590756142	25.84081818894326	25.93423711870727	24.221867101593325
80-81	24.02296897011013	25.969986872328594	25.92949584531094	24.077548312250336
82-83	24.15920640610434	25.939437979933906	25.804639187076685	24.09671642688507
84-85	24.054918417972083	25.905617903627654	25.8805360162205	24.158927662179767
86-87	24.054911255496254	25.97028633102821	25.927311552261358	24.047490861214175
88-89	24.174212818661726	25.943191989537013	25.724223915891287	24.15837127590997
90-91	24.10666911803237	25.95588588937683	25.806101899089168	24.131343093501627
92-93	24.025127771104554	25.982032086023953	25.934799239903217	24.058040902968276
94-95	24.175668250159394	25.92138759009624	25.741045839933445	24.161898319810916
96-97	24.15170261030926	25.88065313706463	25.811406981683266	24.156237270942842
98-99	24.12980099642611	25.923532675842033	25.890636856956185	24.056029470775677
100	24.547980805310367	25.608449444698955	25.638909400423103	24.20466034956758
>>END_MODULE
>>Per sequence GC content	pass
#GC Content	Count
0	5.0
1	6.0
2	4.0
3	4.0
4	12.5
5	16.5
6	18.5
7	29.5
8	42.0
9	64.5
10	79.0
11	130.0
12	242.5
13	426.0
14	797.5
15	1645.5
16	3511.5
17	7153.5
18	14025.0
19	25891.5
20	45683.5
21	76951.0
22	124068.0
23	193137.5
24	286499.5
25	407097.5
26	553329.0
27	725374.0
28	921158.0
29	1130532.5
30	1345786.5
31	1556444.5
32	1761458.0
33	1960654.5
34	2155857.0
35	2345483.0
36	2536049.0
37	2733024.0
38	2920065.0
39	3092890.5
40	3222961.0
41	3311807.0
42	3403916.5
43	3497558.0
44	3557632.0
45	3604999.5
46	3627089.0
47	3607373.5
48	3611753.0
49	3622599.5
50	3639362.5
51	3663191.0
52	3657801.5
53	3578071.0
54	3429922.5
55	3326687.5
56	3229635.5
57	3100662.0
58	2993870.0
59	2904936.0
60	2785655.5
61	2619316.0
62	2421483.0
63	2203497.0
64	2000043.5
65	1786751.5
66	1570132.5
67	1374685.0
68	1190044.0
69	1008784.0
70	830816.0
71	669606.5
72	541012.5
73	442521.0
74	358499.5
75	287707.5
76	226671.0
77	175762.0
78	134629.5
79	101376.5
80	71403.0
81	44661.0
82	25478.5
83	13305.5
84	5915.5
85	2102.0
86	637.5
87	168.0
88	37.5
89	6.5
90	0.5
91	0.5
92	0.5
93	1.0
94	0.5
95	0.0
96	0.0
97	0.0
98	0.0
99	0.0
100	0.0
>>END_MODULE
>>Per base N content	pass
#Base	N-Count
1	0.007506111066374907
2	0.0018317681033941464
3	0.010080213961324358
4	7.212217428762568E-4
5	0.0025952159436284975
6	8.107410692754175E-5
7	7.854054108605606E-5
8	0.0010075146829641385
9	3.040279009782816E-4
10-11	0.016774317175503105
12-13	2.5335658414856796E-6
14-15	3.862014910288334
16-17	0.0
18-19	0.0
20-21	9.289741418780825E-6
22-23	1.0978785313104611E-4
24-25	2.0690787705466386E-5
26-27	0.0
28-29	0.0
30-31	2.3857745007323483E-4
32-33	0.0
34-35	1.3807933836096955E-4
36-37	1.2667829207428398E-6
38-39	5.489392656552306E-6
40-41	3.166957301857099E-5
42-43	1.857948283756165E-4
44-45	5.9327666788123E-4
46-47	2.5335658414856796E-6
48-49	0.0
50-51	0.0
52-53	1.6045916996075972E-5
54-55	0.0
56-57	9.036384834632258E-5
58-59	0.0
60-61	0.0
62-63	0.0
64-65	5.911653630133252E-6
66-67	3.884800956944709E-5
68-69	0.0
70-71	8.445219471618933E-7
72-73	1.2667829207428398E-6
74-75	0.0
76-77	0.0
78-79	2.491339744127585E-5
80-81	0.0
82-83	0.0
84-85	3.124731204499005E-5
86-87	2.9558268150666264E-5
88-89	4.2226097358094666E-7
90-91	0.0
92-93	8.445219471618933E-7
94-95	0.0
96-97	8.445219471618933E-7
98-99	0.0
100	0.0490464566033741
>>END_MODULE
>>Sequence Length Distribution	pass
#Length	Count
100	1.18410185E8
>>END_MODULE
>>Sequence Duplication Levels	pass
#Total Deduplicated Percentage	85.03363927465524
#Duplication Level	Percentage of deduplicated	Percentage of total
1	89.51108203668957	76.11453060991933
2	7.264654651498466	12.354800461809337
3	1.7734770945387865	4.524156345566245
4	0.6749376786043817	2.2956962838127275
5	0.3074094521351903	1.307007223124158
6	0.16926300227902236	0.863582944700372
7	0.09999245506900727	0.5951905648167595
8	0.05492422037502103	0.37363250742489656
9	0.03887410919137628	0.2975046280292745
>10	0.10483061708885688	1.2423387252021725
>50	5.061502593313129E-4	0.02605730870361874
>100	4.8532271028455825E-5	0.005502396891118269
>500	0.0	0.0
>1k	0.0	0.0
>5k	0.0	0.0
>10k+	0.0	0.0
>>END_MODULE
>>Overrepresented sequences	pass
>>END_MODULE
>>Adapter Content	pass
#Position	Illumina Universal Adapter	Illumina Small RNA 3' Adapter	Illumina Small RNA 5' Adapter	Nextera Transposase Sequence	SOLID Small RNA Adapter
1	0.0	1.0978785313104612E-5	0.0	5.911653630133252E-6	5.911653630133252E-6
2	6.756175577295146E-6	6.16501021428182E-5	0.0	4.8137750988227913E-5	6.756175577295146E-6
3	6.756175577295146E-6	6.24946240899801E-5	0.0	5.236036072403738E-5	1.0978785313104612E-5
4	2.7869224256342476E-5	6.587271187862767E-5	0.0	6.333914603714199E-5	1.9424004784723543E-5
5	2.7869224256342476E-5	6.840627772011335E-5	0.0	6.502818993146578E-5	2.111304867904733E-5
6	2.7869224256342476E-5	6.925079966727524E-5	0.0	6.840627772011335E-5	2.4491136467694902E-5
7	3.124731204499005E-5	8.951932639916068E-5	0.0	7.43179313502466E-5	2.4491136467694902E-5
8	4.1381575410932764E-5	9.120837029348447E-5	0.0	8.698576055767501E-5	2.4491136467694902E-5
9	4.6448707093904126E-5	9.205289224064636E-5	0.0	1.0387619950091287E-4	2.4491136467694902E-5
10-11	5.067131682971359E-5	9.88090678179415E-5	0.0	1.1063237507820802E-4	3.0402790097828157E-5
12-13	5.4049404618361166E-5	1.0556524339523665E-4	2.1113048679047332E-6	1.2414472623279831E-4	3.6736704701542354E-5
14-15	5.4893926565523056E-5	1.2118889941773166E-4	2.955826815066626E-6	1.4356873101752186E-4	3.7581226648704245E-5
16-17	5.742749240700874E-5	1.313231627836744E-4	3.378087788647573E-6	1.6552630164373106E-4	4.307061930525655E-5
18-19	6.291688506356105E-5	1.359680334930648E-4	3.378087788647573E-6	1.803054357190642E-4	4.771549001464697E-5
20-21	6.545045090504672E-5	1.4694681880616942E-4	3.378087788647573E-6	1.912842210321688E-4	5.0249055856132646E-5
22-23	7.178436550876093E-5	1.6974891137954052E-4	3.378087788647573E-6	2.039520502395972E-4	5.3204882671199275E-5
24-25	7.811828011247511E-5	1.9255100395291165E-4	4.222609735809466E-6	2.221092721035779E-4	5.61607094862659E-5
26-27	8.656349958409404E-5	2.018407453716925E-4	4.222609735809466E-6	2.3688840617891105E-4	7.769601913889417E-5
28-29	9.500871905571298E-5	2.1028596484331142E-4	4.6448707093904125E-6	2.419555378618824E-4	9.585324100287488E-5
30-31	9.754228489719866E-5	2.1999796723567316E-4	5.067131682971359E-6	2.53356584148568E-4	9.96535897651034E-5
32-33	1.059875043688176E-4	2.37310667152492E-4	5.067131682971359E-6	2.7235832795971055E-4	1.0852107021030327E-4
34-35	1.2161116039131262E-4	2.4702266954485376E-4	5.067131682971359E-6	2.8587067911430084E-4	1.0978785313104611E-4
36-37	1.2625603110070303E-4	2.7531415477477717E-4	5.067131682971359E-6	2.947381595595007E-4	1.1021011410462706E-4
38-39	1.2710055304786494E-4	2.955826815066626E-4	5.067131682971359E-6	3.107840765555767E-4	1.1063237507820802E-4
40-41	1.3005637986293156E-4	3.069837277933482E-4	5.067131682971359E-6	3.2767451549881455E-4	1.123214189725318E-4
42-43	1.304786408365125E-4	3.272522545252336E-4	5.067131682971359E-6	3.758122664870425E-4	1.1485498481401748E-4
44-45	1.3385672862516006E-4	3.63566698253195E-4	5.067131682971359E-6	3.9101366153595655E-4	1.1654402870834126E-4
46-47	1.4103516517603617E-4	3.969253151660898E-4	5.067131682971359E-6	4.0874862242635634E-4	1.1738855065550315E-4
48-49	1.5243621146272172E-4	4.3197297597330833E-4	5.067131682971359E-6	4.2817262721107983E-4	1.1907759454982694E-4
50-51	1.5285847243630266E-4	4.564641124410033E-4	5.067131682971359E-6	4.522415027051938E-4	1.1992211649698884E-4
52-53	1.5454751633062647E-4	4.999569927198408E-4	5.067131682971359E-6	4.910895122746409E-4	1.2118889941773166E-4
54-55	1.6045916996075972E-4	5.240258682139547E-4	5.067131682971359E-6	5.2191456334605E-4	1.241447262327983E-4
56-57	1.6552630164373106E-4	5.565399631796876E-4	5.067131682971359E-6	5.683632704399542E-4	1.2752281402144587E-4
58-59	1.6637082359089296E-4	5.852537093831919E-4	5.489392656552305E-6	6.034109312471727E-4	1.4230194809677901E-4
60-61	1.765050869568357E-4	5.966547556698775E-4	5.911653630133252E-6	6.751952967559336E-4	1.439909919911028E-4
62-63	1.8072769669264514E-4	6.295911116091914E-4	5.911653630133252E-6	7.001086941972094E-4	1.5328073340988363E-4
64-65	1.8410578448129272E-4	6.477483334731721E-4	5.911653630133252E-6	7.474019232382755E-4	1.5581429925136929E-4
66-67	1.8410578448129272E-4	6.773066016238383E-4	5.911653630133252E-6	7.794937572304275E-4	1.5877012606643594E-4
68-69	1.8621708934919744E-4	6.811069503860668E-4	5.911653630133252E-6	8.238311594564268E-4	1.5877012606643594E-4
70-71	1.89595177137845E-4	7.022199990651142E-4	5.911653630133252E-6	8.588788202636454E-4	1.596146480135978E-4
72-73	1.9043969908500694E-4	7.250220916384853E-4	5.911653630133252E-6	9.023717005424829E-4	1.596146480135978E-4
74-75	1.9086196005858787E-4	7.402234866873994E-4	5.911653630133252E-6	9.395306662176062E-4	1.6045916996075972E-4
76-77	1.9255100395291165E-4	7.495132281061803E-4	5.911653630133252E-6	9.669776295003678E-4	1.629927358022454E-4
78-79	2.0521883316034005E-4	7.5838070855138E-4	5.911653630133252E-6	9.792231977342153E-4	1.6721534553805484E-4
80-81	2.411110159147205E-4	7.697817548380657E-4	5.911653630133252E-6	0.0010138485975678528	1.7017117235312146E-4
82-83	3.5216565196650947E-4	8.027181107773795E-4	5.911653630133252E-6	0.0010290499926167668	1.710156943002834E-4
84-85	5.573844851268496E-4	8.525449056599312E-4	5.911653630133252E-6	0.001053118868110881	1.722824772210262E-4
86-87	9.285518809045016E-4	8.745024762861404E-4	6.333914603714199E-6	0.0011173025360951849	1.756605650096738E-4
88-89	0.0014166855663640759	8.821031738105974E-4	7.1784365508760925E-6	0.0011527724578759843	1.8157221863980704E-4
>>END_MODULE
