##FastQC	0.11.8
>>Basic Statistics	pass
#Measure	Value
Filename	HISAT2 on data 6 and data 5_ aligned reads _BAM_
File type	Conventional base calls
Encoding	Sanger / Illumina 1.9
Total Sequences	147946732
Sequences flagged as poor quality	0
Sequence length	100
%GC	46
>>END_MODULE
>>Per base sequence quality	fail
#Base	Mean	Median	Lower Quartile	Upper Quartile	10th Percentile	90th Percentile
1	30.958250912902894	31.0	31.0	33.0	28.0	34.0
2	30.334067865723455	31.0	31.0	34.0	27.0	34.0
3	29.90720327637923	31.0	30.0	34.0	25.0	34.0
4	34.27763815019584	35.0	35.0	37.0	30.0	37.0
5	34.59600867020165	35.0	35.0	37.0	30.0	37.0
6	34.663407725694135	35.0	35.0	37.0	31.0	37.0
7	34.74314749311259	36.0	35.0	37.0	32.0	37.0
8	34.56014338322796	36.0	35.0	37.0	30.0	37.0
9	35.835349299908835	38.0	35.0	39.0	30.0	39.0
10-11	36.15603110449239	38.0	35.0	39.0	32.0	39.0
12-13	36.22091473436534	38.0	35.0	39.0	32.0	39.0
14-15	37.271601626185294	39.0	36.0	40.0	32.0	41.0
16-17	37.255040317483996	39.0	36.0	40.0	32.0	41.0
18-19	37.2325946882017	39.0	36.0	40.0	31.5	41.0
20-21	37.15715930447183	39.0	36.0	40.0	31.0	41.0
22-23	37.03980344425587	39.0	36.0	40.0	31.0	41.0
24-25	37.05269505378463	39.0	36.0	40.0	31.0	41.0
26-27	36.91700508126127	39.0	36.0	40.0	31.0	41.0
28-29	36.85018090835558	39.0	36.0	40.0	30.5	41.0
30-31	36.70809733059869	38.0	35.5	40.0	30.0	41.0
32-33	36.60456073473796	38.0	35.0	40.0	30.0	41.0
34-35	36.430531267159054	38.0	35.0	40.0	30.0	41.0
36-37	36.299451511372354	38.0	35.0	40.0	30.0	41.0
38-39	36.41774180588186	38.0	35.0	40.0	30.0	41.0
40-41	36.294933293964206	38.0	35.0	40.0	30.0	41.0
42-43	36.220309905189396	38.0	35.0	40.0	30.0	41.0
44-45	36.04807531334994	38.0	34.0	40.0	29.0	41.0
46-47	35.897269021799005	38.0	34.0	40.0	29.0	41.0
48-49	35.760867958881306	38.0	34.0	40.0	28.5	41.0
50-51	35.3785089183315	37.5	33.5	39.5	28.0	40.5
52-53	35.438774034562655	37.5	33.5	39.5	28.0	40.5
54-55	35.52983631635743	38.0	34.0	40.0	28.0	41.0
56-57	35.3500962393681	37.0	33.0	40.0	28.0	41.0
58-59	35.0919920894231	37.0	33.0	40.0	27.5	41.0
60-61	34.80785844259135	36.5	33.0	39.0	27.0	41.0
62-63	34.47105072249923	36.0	32.5	39.0	26.5	40.5
64-65	34.178864423987406	36.0	32.0	39.0	26.0	40.0
66-67	33.82142924927872	35.0	32.0	39.0	26.0	40.0
68-69	33.42794747233754	35.0	31.0	38.0	26.0	40.0
70-71	33.01881860087318	35.0	31.0	37.5	25.5	40.0
72-73	32.61954922735299	34.5	31.0	37.0	25.0	39.0
74-75	32.19383958410112	34.0	30.5	36.5	24.0	39.0
76-77	31.359382605355556	34.0	29.5	36.0	23.0	38.0
78-79	31.429724828257783	34.0	30.0	36.0	23.0	38.0
80-81	31.09699579237749	34.0	30.0	35.0	22.5	37.0
82-83	30.66213063090843	34.0	29.0	35.0	20.5	37.0
84-85	30.211200109509683	33.5	29.0	35.0	20.0	36.0
86-87	29.760312677944114	33.0	29.0	35.0	18.5	36.0
88-89	29.25757030239776	33.0	29.0	35.0	17.5	35.5
90-91	28.70738473966427	33.0	27.5	35.0	9.5	35.0
92-93	28.073953651101938	32.0	27.0	34.0	4.5	35.0
94-95	27.335474669355996	32.0	26.0	34.0	2.0	35.0
96-97	26.47040089739867	32.0	25.0	34.0	2.0	35.0
98-99	25.34565599934982	32.0	22.0	34.0	2.0	35.0
100	22.074978810616784	28.0	2.0	32.0	2.0	34.0
>>END_MODULE
>>Per sequence quality scores	pass
#Quality	Count
2	628.0
3	626.0
4	1041.0
5	1875.0
6	3464.0
7	6208.0
8	10885.0
9	17850.0
10	27942.0
11	42299.0
12	59987.0
13	82925.0
14	109972.0
15	145342.0
16	192795.0
17	254510.0
18	334412.0
19	435218.0
20	561410.0
21	719687.0
22	925064.0
23	1203319.0
24	1570283.0
25	2047460.0
26	2658543.0
27	3411956.0
28	4324912.0
29	5397096.0
30	6663364.0
31	8131940.0
32	9872901.0
33	1.1960478E7
34	1.4498375E7
35	1.7413035E7
36	2.0199727E7
37	2.030714E7
38	1.2709584E7
39	1642247.0
40	232.0
>>END_MODULE
>>Per base sequence content	fail
#Base	G	A	T	C
1	25.456389313164458	14.841277164704378	16.468631506567014	43.23370201556415
2	20.180765022723246	24.026860297038816	36.52956454986972	19.26281013036822
3	24.304938587206028	26.747727034210474	26.388608557344217	22.558725821239282
4	24.52705690053665	33.45734513711952	20.61481435273388	21.400783609609956
5	25.337067346765274	33.22469698397721	21.973362724947897	19.464872944309615
6	19.942960469487552	34.437655412469994	22.681120327443118	22.93826379059934
7	18.346910329342766	15.063622389201974	42.106954813535886	24.482512467919378
8	20.65850045099317	21.187717996197627	27.717598340013115	30.436183212796088
9	19.94304900650759	20.835507299612708	31.144656299935725	28.076787393943974
10-11	24.928436405070443	30.287412161290593	20.812763542489062	23.971387891149902
12-13	21.91177883236993	23.677205577987003	29.163341290894174	25.247674298748894
14-15	22.622459530508785	25.594137265660365	27.91740281483842	23.866000388992425
16-17	23.552323515276257	26.128129192065092	26.47553492697236	23.844012365686286
18-19	23.409239605843236	26.533488487232447	26.258250915428555	23.799020991495762
20-21	23.34578636424039	26.652435629130462	26.47273833568846	23.529039670940687
22-23	23.32238404479984	26.89963728061096	26.478495122419137	23.299483552170063
24-25	23.304878432818114	27.083115532384106	26.46130414419508	23.150701890602697
26-27	23.23035315147651	26.935348764576712	26.511833981031156	23.322464102915628
28-29	23.36182001785379	26.649691051456838	26.51032432962042	23.478164601068947
30-31	23.032900813668334	26.835998883246052	26.69816169200728	23.432938611078338
32-33	23.02382297765703	26.97083455790157	26.7006585472878	23.3046839171536
34-35	23.380203654793128	26.939674599992287	26.389266497721792	23.2908552474928
36-37	23.225275432241382	26.88594061002983	26.517658396131388	23.3711255615974
38-39	23.097206871705414	26.84494823192953	26.735754725378186	23.32209017098687
40-41	23.244898465019464	26.730064477208305	26.609309500164102	23.41572755760813
42-43	23.028947785614413	26.83911869446227	26.76235454720828	23.369578972715036
44-45	23.090647585240344	26.821007442056917	26.755254046436118	23.333090926266625
46-47	23.139587982671326	26.807478085518504	26.619912212973468	23.433021718836695
48-49	23.125152390153183	26.791886331033567	26.674284543671327	23.40867673514192
50-51	23.094539195471995	26.860182736784804	26.685145663579867	23.360132404163334
52-53	23.17931667695545	26.81484456377243	26.638496899201954	23.36734186007017
54-55	23.043763818993988	26.81930209854179	26.7816091402411	23.355324942223124
56-57	23.044529140021222	26.86690806910148	26.808336986083976	23.28022580479332
58-59	23.182959282332966	26.853752639163623	26.684743224597714	23.278544853905693
60-61	23.014914141681555	26.93198346819837	26.806480187813275	23.246622202306796
62-63	23.003093099751606	26.964874425208663	26.86658195329384	23.165450521745896
64-65	23.128031836949187	26.894918149026676	26.706566212435668	23.27048380158847
66-67	23.07764831196136	26.947148450700485	26.749020045944643	23.226183191393506
68-69	23.021423193389506	26.962972478644296	26.849646346736545	23.165957981229653
70-71	23.121022031091567	26.92066425637573	26.76665747507015	23.19165623746255
72-73	23.054370339183972	26.98014039269215	26.78556394202746	23.179925326096424
74-75	23.019315492551737	27.01503166693807	26.84448582480348	23.121167015706707
76-77	23.11085147862543	26.936667313476043	26.762019995142577	23.190461212755952
78-79	23.031686202497646	26.81335156809888	26.92052462651464	23.23443760288883
80-81	23.05949444916422	26.949702613984567	26.897086700175425	23.09371623667579
82-83	23.169389064171035	26.926917742140915	26.787687878841858	23.11600531484619
84-85	23.055870129500832	26.887217604697767	26.874048662098666	23.18286360370274
86-87	23.08651746050909	26.94703836698143	26.902362827799276	23.064081344710207
88-89	23.20939640626871	26.923135754022603	26.713995953624714	23.153471886083974
90-91	23.144066811830626	26.924552142185874	26.800556838254458	23.130824207729038
92-93	23.07251200384744	26.9633836859607	26.90063373620176	23.063470573990102
94-95	23.22685804486968	26.90195665086766	26.71280229034485	23.15838301391781
96-97	23.205912817917515	26.85720773960481	26.787878694069377	23.149000748408298
98-99	23.1869938023875	26.891384577717208	26.869752129262174	23.051869490633116
100	23.697140458131777	26.560423331705827	26.625173217574066	23.117262992588326
>>END_MODULE
>>Per sequence GC content	pass
#GC Content	Count
0	9.0
1	7.5
2	5.0
3	11.0
4	16.5
5	24.5
6	36.0
7	53.0
8	83.0
9	133.5
10	182.0
11	280.0
12	460.5
13	765.5
14	1429.5
15	2784.5
16	5985.0
17	12023.0
18	23359.5
19	43626.5
20	76140.5
21	126860.0
22	204483.0
23	320716.5
24	476574.5
25	671004.5
26	903227.5
27	1172273.0
28	1474500.5
29	1793978.0
30	2114471.0
31	2422969.5
32	2717565.0
33	2988886.0
34	3239563.0
35	3485957.5
36	3729204.0
37	3981981.0
38	4214029.5
39	4401672.5
40	4516130.0
41	4576501.5
42	4639798.0
43	4697527.5
44	4712247.5
45	4706530.0
46	4655476.5
47	4548837.0
48	4491428.0
49	4443075.0
50	4402186.5
51	4388558.0
52	4338470.5
53	4195139.0
54	3975388.0
55	3820715.0
56	3681195.0
57	3497868.0
58	3344643.0
59	3204982.5
60	3038529.0
61	2831010.5
62	2577468.0
63	2302846.0
64	2057129.5
65	1802441.0
66	1540275.0
67	1307413.5
68	1103171.0
69	912328.0
70	728129.0
71	566730.5
72	438644.0
73	343530.5
74	266767.0
75	206161.0
76	155799.5
77	114381.5
78	81387.5
79	54655.5
80	34723.0
81	20319.0
82	10789.5
83	5051.5
84	2054.0
85	692.0
86	201.5
87	62.0
88	14.5
89	2.0
90	0.5
91	0.0
92	0.0
93	0.0
94	0.0
95	0.0
96	0.5
97	0.5
98	0.0
99	0.0
100	0.0
>>END_MODULE
>>Per base N content	pass
#Base	N-Count
1	0.006046095022903244
2	1.1554706054608899
3	0.9958611319647127
4	5.873735690221262E-4
5	0.0065922375358720324
6	6.177899218483583E-4
7	0.0025982324503119134
8	0.0029456547914826535
9	0.4138922108803323
10-11	0.0
12-13	0.09344478119327435
14-15	2.7509901333947677E-4
16-17	3.758109371418897E-4
18-19	4.893653210264895E-4
20-21	1.0273968065749503E-4
22-23	8.989722057530815E-5
24-25	6.826781412109866E-5
26-27	0.025420973813737233
28-29	5.069392137705346E-6
30-31	5.880494879738202E-5
32-33	1.960164959912734E-5
34-35	3.683758286732552E-5
36-37	0.0
38-39	4.484722244489997E-4
40-41	2.3657163309291617E-5
42-43	4.1569015529183836E-5
44-45	0.0
46-47	2.838859597114994E-5
48-49	6.759189516940463E-7
50-51	6.292805440271571E-4
52-53	4.0893096577489796E-5
54-55	0.0
56-57	3.717554234317254E-6
58-59	1.6222054840657108E-4
60-61	1.0138784275410693E-6
62-63	0.0
64-65	1.2504500606339855E-5
66-67	0.0
68-69	0.0025698438543407635
70-71	0.0
72-73	0.0
74-75	0.0
76-77	0.0
78-79	2.3657163309291617E-5
80-81	3.210615020546719E-5
82-83	1.5884095364810086E-5
84-85	1.0375355908503609E-4
86-87	3.3795947584702314E-7
88-89	0.0
90-91	0.0
92-93	0.0
94-95	6.961965202448676E-5
96-97	5.5763313514758806E-5
98-99	1.6897973792351156E-6
100	0.030627915458112314
>>END_MODULE
>>Sequence Length Distribution	pass
#Length	Count
100	1.47946732E8
>>END_MODULE
>>Sequence Duplication Levels	pass
#Total Deduplicated Percentage	80.90231609568531
#Duplication Level	Percentage of deduplicated	Percentage of total
1	88.04271199351635	71.22859315620845
2	7.57583253773325	12.258047973113465
3	2.1630408638799743	5.249850470925057
4	0.9015906981241693	2.9176310259428453
5	0.45625156576704584	1.845590419641845
6	0.27038210892413367	1.3124723305678967
7	0.16583343659771002	0.9391416374803205
8	0.1020786374219463	0.6606718553061721
9	0.07755277777882984	0.5646779407765198
>10	0.24241021731397036	2.8873507787162613
>50	0.002104356161109572	0.1087514557073633
>100	2.0907220082582386E-4	0.021990796979721613
>500	0.0	0.0
>1k	1.7345807158865194E-6	0.005230158633984794
>5k	0.0	0.0
>10k+	0.0	0.0
>>END_MODULE
>>Overrepresented sequences	pass
>>END_MODULE
>>Adapter Content	pass
#Position	Illumina Universal Adapter	Illumina Small RNA 3' Adapter	Illumina Small RNA 5' Adapter	Nextera Transposase Sequence	SOLID Small RNA Adapter
1	6.759189516940462E-7	1.5546135888963063E-5	0.0	5.4073516135523695E-6	2.7036758067761847E-6
2	6.759189516940462E-7	5.001800242535942E-5	0.0	4.3258812908418956E-5	2.7036758067761847E-6
3	6.083270565246416E-6	5.204575928044156E-5	0.0	4.663840766688919E-5	5.4073516135523695E-6
4	2.4333082260985664E-5	5.272167823213561E-5	0.0	5.610127299060583E-5	9.462865323716648E-6
5	2.4333082260985664E-5	5.339759718382965E-5	0.0	5.812902984568797E-5	1.2842460082186878E-5
6	2.5684920164373757E-5	5.5425354038911786E-5	0.0	6.556413831432248E-5	1.3518379033880925E-5
7	2.6360839116067803E-5	7.029557097618081E-5	0.0	6.826781412109866E-5	1.3518379033880925E-5
8	2.703675806776185E-5	7.367516573465103E-5	0.0	8.313803105836769E-5	1.419429798557497E-5
9	3.1092271777926126E-5	7.637884154142722E-5	0.0	9.80082479956367E-5	1.622205484065711E-5
10-11	3.4809826012243385E-5	8.584170686514387E-5	0.0	1.0442947803673014E-4	2.3319203833444594E-5
12-13	3.582370443978445E-5	1.0104988327825991E-4	0.0	1.1727193811891702E-4	3.041635282623208E-5
14-15	3.751350181901957E-5	1.1524418126383488E-4	0.0	1.2943847924940985E-4	3.1092271777926126E-5
16-17	4.1231056053336816E-5	1.3721154719389137E-4	3.379594758470231E-7	1.4228093933159672E-4	3.5485744963937424E-5
18-19	4.866616452197133E-5	1.4295685828329076E-4	6.759189516940462E-7	1.578270752205598E-4	4.292085343257193E-5
20-21	5.103188085290049E-5	1.5039196675192528E-4	6.759189516940462E-7	1.6627606211673537E-4	4.697636714273621E-5
22-23	6.049474617661714E-5	1.666140215925824E-4	6.759189516940462E-7	1.7303525163367585E-4	5.339759718382965E-5
24-25	6.522617883847546E-5	1.9196098228110913E-4	6.759189516940462E-7	1.916230228052621E-4	5.677719194229988E-5
26-27	7.097148992787485E-5	1.9872017179804958E-4	6.759189516940462E-7	2.0378956393575493E-4	7.16474088795689E-5
28-29	7.570292258973318E-5	2.0750711817007217E-4	6.759189516940462E-7	2.1223855083193053E-4	8.753150424437898E-5
30-31	7.570292258973318E-5	2.1561814559040073E-4	1.0138784275410693E-6	2.2237733510734118E-4	9.192497743039028E-5
32-33	8.516578791344982E-5	2.3657163309291618E-4	1.3518379033880924E-6	2.3352999781029295E-4	9.631845061640158E-5
34-35	9.023518005115517E-5	2.4164102523062153E-4	1.3518379033880924E-6	2.4569653894078577E-4	9.834620747148373E-5
36-37	9.226293690623732E-5	2.6631206696745425E-4	1.3518379033880924E-6	2.5144185003018516E-4	1.0071192380241288E-4
38-39	9.462865323716647E-5	2.842239191873464E-4	1.3518379033880924E-6	2.63270431684831E-4	1.0071192380241288E-4
40-41	9.631845061640158E-5	2.9233494660767495E-4	1.3518379033880924E-6	2.791545270496411E-4	1.0273968065749501E-4
42-43	1.0578131594011822E-4	3.0145985245554464E-4	1.3518379033880924E-6	3.099088393517202E-4	1.0409151856088312E-4
44-45	1.1051274860197655E-4	3.3187620528177665E-4	1.3518379033880924E-6	3.3322804318516473E-4	1.0611927541596525E-4
46-47	1.1896173549815213E-4	3.643203149630909E-4	1.3518379033880924E-6	3.4269090850888145E-4	1.0780907279520037E-4
48-49	1.3146623610449197E-4	3.7817665347281886E-4	1.3518379033880924E-6	3.551954091152213E-4	1.1051274860197655E-4
50-51	1.3214215505618604E-4	3.903431946033117E-4	1.3518379033880924E-6	3.7412113976265457E-4	1.1152662702951761E-4
52-53	1.3248011453203306E-4	4.123105605333682E-4	1.3518379033880924E-6	3.967644246444051E-4	1.1355438388459976E-4
54-55	1.3856338509727947E-4	4.3258812908418954E-4	1.3518379033880924E-6	4.1129668210582713E-4	1.1592010021552892E-4
56-57	1.4126706090405566E-4	4.640183603379627E-4	1.3518379033880924E-6	4.4678242706976454E-4	1.2200337078077535E-4
58-59	1.4126706090405566E-4	4.873375641714073E-4	1.3518379033880924E-6	4.7686082042014963E-4	1.341699119112682E-4
60-61	1.4126706090405566E-4	5.049114569154526E-4	1.6897973792351154E-6	5.214714712319566E-4	1.3754950666973839E-4
62-63	1.4160502037990268E-4	5.26540863369662E-4	3.3795947584702312E-6	5.441147561137072E-4	1.4261889880744374E-4
64-65	1.4295685828329076E-4	5.41749039782778E-4	3.3795947584702312E-6	5.627025272852934E-4	1.4937808832438422E-4
66-67	1.4397073671083184E-4	5.650682436162226E-4	3.3795947584702312E-6	5.843319337395029E-4	1.5106788570361934E-4
68-69	1.4735033146930207E-4	5.71827433133163E-4	3.3795947584702312E-6	6.218454355585225E-4	1.5275768308285444E-4
70-71	1.547854399379366E-4	5.860217311187381E-4	3.3795947584702312E-6	6.505719910055195E-4	1.5309564255870146E-4
72-73	1.5546135888963063E-4	6.049474617661713E-4	3.3795947584702312E-6	6.941687633897854E-4	1.5410952098624252E-4
74-75	1.5613727784132467E-4	6.245491113652987E-4	3.3795947584702312E-6	7.110667371821366E-4	1.547854399379366E-4
76-77	1.6019279155148896E-4	6.29618503503004E-4	3.3795947584702312E-6	7.320202246846521E-4	1.578270752205598E-4
78-79	1.666140215925824E-4	6.373915714474856E-4	3.3795947584702312E-6	7.499320769045443E-4	1.6019279155148893E-4
80-81	2.061552802666841E-4	6.448266799161201E-4	3.3795947584702312E-6	7.823761865858585E-4	1.6593810264088832E-4
82-83	2.8118228390472324E-4	6.539515857639897E-4	3.3795947584702312E-6	8.029917146125269E-4	1.6762790002012345E-4
84-85	4.3258812908418954E-4	6.806503843559046E-4	3.717554234317254E-6	8.236072426391953E-4	1.6999361635105262E-4
86-87	6.705116000804939E-4	6.918030470588563E-4	4.731432661858324E-6	8.692317718785433E-4	1.75738927440452E-4
88-89	9.956286158453302E-4	6.999140744791848E-4	5.069392137705347E-6	8.92550975711988E-4	1.831740359090865E-4
>>END_MODULE
