##FastQC	0.11.8
>>Basic Statistics	pass
#Measure	Value
Filename	HISAT2 on data 10 and data 9_ aligned reads _BAM_
File type	Conventional base calls
Encoding	Sanger / Illumina 1.9
Total Sequences	45183379
Sequences flagged as poor quality	0
Sequence length	100
%GC	46
>>END_MODULE
>>Per base sequence quality	pass
#Base	Mean	Median	Lower Quartile	Upper Quartile	10th Percentile	90th Percentile
1	31.092398268841293	31.0	31.0	33.0	28.0	34.0
2	30.926302501634506	31.0	31.0	34.0	27.0	34.0
3	30.71123970166109	31.0	31.0	34.0	27.0	34.0
4	34.66418496500671	37.0	35.0	37.0	31.0	37.0
5	34.871393593648676	37.0	35.0	37.0	32.0	37.0
6	34.91765246242429	37.0	35.0	37.0	32.0	37.0
7	33.787817152851716	36.0	35.0	37.0	30.0	37.0
8	34.318917449710874	36.0	35.0	37.0	30.0	37.0
9	36.25744360553468	38.0	35.0	39.0	32.0	39.0
10-11	36.48572405352862	38.5	35.0	39.0	32.0	39.0
12-13	36.46775683819486	38.0	35.0	39.0	32.0	39.0
14-15	37.56076927093036	39.0	37.0	41.0	32.0	41.0
16-17	37.5446661038786	39.0	36.5	41.0	32.0	41.0
18-19	37.50143948950786	39.0	36.5	41.0	32.0	41.0
20-21	37.45202225800775	39.0	36.0	40.5	32.0	41.0
22-23	37.318110460485926	39.0	36.0	40.0	32.0	41.0
24-25	37.227495967045755	39.0	36.0	40.0	31.0	41.0
26-27	37.04663210336703	39.0	36.0	40.0	31.0	41.0
28-29	36.92574889098046	39.0	36.0	40.0	30.5	41.0
30-31	36.84599355661293	39.0	36.0	40.0	30.0	41.0
32-33	36.24895749828714	38.0	35.5	40.0	29.0	41.0
34-35	36.190804952856666	38.0	35.0	40.0	29.0	41.0
36-37	36.53340479471444	38.0	35.0	40.0	30.0	41.0
38-39	36.59871174088153	38.0	35.0	40.0	30.0	41.0
40-41	36.50892508504067	38.0	35.0	40.0	30.0	41.0
42-43	36.450122333701515	38.0	35.0	40.0	30.0	41.0
44-45	36.379099823410726	38.0	35.0	40.0	30.0	41.0
46-47	36.2981021627444	38.0	35.0	40.0	30.0	41.0
48-49	36.15826327420089	38.0	34.5	40.0	29.5	41.0
50-51	35.68583081181246	37.5	33.5	39.5	28.5	41.0
52-53	35.72610772425851	38.0	34.0	40.0	28.5	41.0
54-55	35.836853348219044	38.0	34.0	40.0	29.0	41.0
56-57	35.64431160626566	37.5	34.0	40.0	28.0	41.0
58-59	35.42015827324468	37.0	34.0	40.0	28.0	41.0
60-61	35.10277477255519	36.5	33.5	39.0	28.0	41.0
62-63	34.75707419978484	36.0	33.0	39.0	28.0	40.5
64-65	34.45578574369128	36.0	33.0	39.0	27.0	40.0
66-67	34.10965901864046	35.0	32.5	38.5	27.0	40.0
68-69	33.77046216485934	35.0	32.0	37.5	26.0	40.0
70-71	33.36593067773882	35.0	32.0	37.0	26.0	39.0
72-73	32.96553474896156	35.0	31.5	36.5	26.0	39.0
74-75	32.619169451669386	34.5	31.0	36.0	26.0	38.5
76-77	31.903560411008655	34.0	30.5	35.0	25.0	37.0
78-79	32.078451359292984	34.0	31.0	35.0	25.0	37.0
80-81	31.897521420432057	34.0	31.0	35.0	25.0	36.5
82-83	31.5938620371885	34.0	31.0	35.0	25.0	36.0
84-85	31.256368398211208	34.0	30.5	35.0	24.0	36.0
86-87	30.92168851515067	34.0	30.0	35.0	23.0	35.5
88-89	30.622619702700852	34.0	30.0	35.0	22.5	35.0
90-91	30.42588571120367	34.0	30.0	35.0	20.5	35.0
92-93	30.245854875085815	34.0	30.0	35.0	20.0	35.0
94-95	29.914163779118866	34.0	30.0	35.0	19.5	35.0
96-97	29.444331719856542	34.0	29.0	35.0	16.5	35.0
98-99	28.84179686959667	34.0	29.0	35.0	2.0	35.0
100	26.69126868532785	31.0	25.0	34.0	2.0	35.0
>>END_MODULE
>>Per sequence quality scores	pass
#Quality	Count
2	195.0
3	210.0
4	307.0
5	652.0
6	1082.0
7	2086.0
8	3298.0
9	5215.0
10	7810.0
11	11274.0
12	14994.0
13	19787.0
14	25385.0
15	32768.0
16	42326.0
17	54064.0
18	70438.0
19	90736.0
20	116068.0
21	146011.0
22	189268.0
23	247788.0
24	328595.0
25	442711.0
26	594234.0
27	790786.0
28	1038587.0
29	1342293.0
30	1711252.0
31	2156137.0
32	2708755.0
33	3425103.0
34	4388431.0
35	5657097.0
36	7106942.0
37	7622940.0
38	4335844.0
39	451774.0
40	136.0
>>END_MODULE
>>Per base sequence content	fail
#Base	G	A	T	C
1	28.278009410550048	14.806948657047753	21.133662433056138	35.78137949934606
2	23.324349259254053	22.403397772588846	32.81075493585603	21.46149803230107
3	25.176507077612563	26.74641006849143	26.62949707782813	21.44758577606788
4	25.705151757309586	31.653432406386607	21.207298908432197	21.434116927871607
5	26.01228165102869	33.46214086411278	21.546530947713812	18.97904653714471
6	20.904304213281613	35.247959210841664	21.289474609678926	22.55826196619779
7	18.09260012429513	15.947315612934517	42.069542581951005	23.89054168081934
8	20.579651645796567	22.737190593912864	26.59606754952966	30.08709021076091
9	20.760403952966865	22.13583671995846	30.65300406151563	26.450755265559046
10-11	24.466858709261206	31.302546009230518	20.717575150809328	23.513020130698944
12-13	22.280586850310595	23.777300940684405	29.011295281833615	24.930816927171385
14-15	22.449662297279716	26.189041771311526	28.069253076446536	23.29204285496222
16-17	23.215284540804262	26.207474434348967	26.72890843334227	23.8483325915045
18-19	23.27018415333656	26.54065890025622	26.473031155992118	23.7161257904151
20-21	23.32875547001476	26.632805616419258	26.701929486061676	23.336509427504303
22-23	23.460869248440638	27.05054117579569	26.301507963869103	23.18708161189457
24-25	23.368553735338413	27.139374224714857	26.314199054094583	23.17787298585214
26-27	23.058387155955973	27.140728689109196	26.51441197818565	23.286472176749186
28-29	23.077779331200528	26.79368003884791	26.676472115996457	23.452068513955098
30-31	22.68566698762566	27.25404530722849	27.067152314673848	22.993135390472002
32-33	23.177469678681906	26.788790323812545	26.738105628311004	23.295634369194545
34-35	23.782446638176395	26.615138721696756	26.602070863270317	23.00034377685653
36-37	23.17829527534893	26.944586193963048	26.69849902106702	23.178619509621004
38-39	23.095522581434206	26.842314073057704	26.411189831552882	23.650973513955208
40-41	23.354167138125074	26.57801754638639	26.56063504770089	23.50718026778764
42-43	23.037868637491677	26.637658064484288	26.846547930822084	23.47792536720195
44-45	23.165127822777485	26.736239669016342	26.820549432568995	23.27808307563717
46-47	23.291231715981223	26.71361741227897	26.82495481358311	23.170196058156694
48-49	23.250642675484716	26.55757441248473	26.78280878461967	23.40897412741088
50-51	23.39530538430957	26.315660234264467	26.849170576640585	23.439863804785382
52-53	23.04075779564775	26.89189275474227	26.686485315940978	23.380864133669007
54-55	23.050601079048523	26.676268291454868	26.7550230090415	23.518107620455112
56-57	23.337054982098614	26.42459520347073	26.789218221151636	23.449131593279024
58-59	23.202999820011243	26.628212997135947	26.95264536167089	23.216141821181914
60-61	23.3568376991017	26.206789447951646	27.005200297215488	23.43117255573117
62-63	23.139585244388208	27.289076808531735	26.789553521439817	22.781784425640232
64-65	23.010374013860275	27.001069353400947	26.993660655614093	22.994895977124685
66-67	22.835233283460273	26.92880716158922	26.812939333288906	23.4230202216616
68-69	23.474254769657666	27.14474718679185	26.506039975452033	22.874958068098447
70-71	23.25351983967379	26.641191443428784	26.838080215293324	23.2672085016041
72-73	23.224955132284375	26.76220275601787	26.747478314979496	23.26536379671826
74-75	23.321685908477228	27.14573930262585	26.676595539182575	22.855979249714352
76-77	23.03004034980841	26.683952823165306	26.72421100492699	23.561795822099292
78-79	23.068376705854387	26.44832822341494	27.21168097908589	23.27161409164478
80-81	23.07747280255423	27.171915362947956	26.429107924841123	23.32150390965669
82-83	23.270923084977436	26.960096121217358	26.51395404607375	23.25502674773146
84-85	23.121547305534154	26.803700635793643	26.82490423301971	23.249847825652495
86-87	22.911425999586992	27.226508263888704	26.83430803530203	23.027757701222278
88-89	23.2859772426581	26.778568056712395	26.859331574351085	23.07612312627842
90-91	23.236265947228304	27.03745200153221	26.827800621359287	22.898481429880203
92-93	23.0179206180821	27.287830156319316	26.837821426843146	22.856427798755437
94-95	23.113109122257708	27.23909452892586	26.75142623251525	22.89637011630118
96-97	23.517078038807146	26.461713941314567	26.85862095440007	23.162587065478217
98-99	23.39201435111792	26.79118133240987	27.114299043460203	22.702505273012008
100	24.560210514578824	26.930323205796537	25.868094106020713	22.641372173603926
>>END_MODULE
>>Per sequence GC content	warn
#GC Content	Count
0	0.0
1	0.5
2	1.0
3	1.0
4	1.5
5	3.0
6	5.5
7	7.5
8	15.5
9	24.5
10	26.0
11	37.0
12	75.0
13	148.5
14	258.0
15	517.0
16	1156.5
17	2019.0
18	3584.5
19	6531.0
20	10913.5
21	17700.0
22	27657.5
23	41815.0
24	60479.0
25	83267.5
26	110040.0
27	143652.5
28	183045.5
29	216523.5
30	250983.0
31	313290.5
32	387662.5
33	485751.5
34	581198.5
35	676017.5
36	838344.0
37	1103433.5
38	1308645.5
39	1486666.5
40	1651929.5
41	1701471.0
42	1964823.0
43	2218162.5
44	2261628.0
45	2338122.5
46	2293109.0
47	2192059.5
48	2158651.0
49	2085230.0
50	1986171.0
51	1817058.0
52	1529397.5
53	1267701.0
54	1135538.0
55	1040138.0
56	881788.0
57	736204.5
58	663664.0
59	618599.0
60	568679.5
61	509641.5
62	460693.5
63	419567.0
64	384734.0
65	344781.0
66	301118.0
67	261630.0
68	223154.0
69	183132.5
70	147137.0
71	117716.0
72	93791.0
73	74417.0
74	59239.0
75	45724.0
76	33703.5
77	24528.0
78	17770.0
79	12391.0
80	7721.0
81	4525.0
82	2498.0
83	1213.5
84	560.5
85	237.0
86	90.0
87	32.5
88	9.0
89	0.5
90	0.0
91	0.0
92	0.0
93	0.0
94	0.0
95	0.0
96	0.0
97	0.0
98	0.0
99	0.0
100	0.0
>>END_MODULE
>>Per base N content	pass
#Base	N-Count
1	0.01280559384458608
2	0.19153282006642308
3	4.5370666058419407E-4
4	4.426406444723844E-5
5	4.4928025413947014E-4
6	0.0
7	3.4806161796797004
8	0.0
9	0.0
10-11	0.0
12-13	0.0
14-15	0.0
16-17	0.0
18-19	0.0
20-21	0.0
22-23	4.4264064447238445E-6
24-25	6.639609667085767E-6
26-27	1.8812227390076338E-5
28-29	0.0
30-31	8.188851922739112E-5
32-33	1.1159225165519382
34-35	0.0
36-37	0.0
38-39	0.0
40-41	3.3198048335428833E-6
42-43	0.0
44-45	0.0
46-47	0.0
48-49	0.0
50-51	0.0
52-53	2.3238633834800184E-5
54-55	1.1951297400754379E-4
56-57	0.0
58-59	3.3198048335428833E-6
60-61	0.0
62-63	0.0
64-65	0.0
66-67	0.0
68-69	0.0
70-71	0.0
72-73	0.0
74-75	2.2132032223619222E-6
76-77	3.7624454780152675E-5
78-79	1.9918829001257298E-5
80-81	0.0
82-83	3.2091446724247866E-5
84-85	1.7705625778895378E-5
86-87	1.781628594001347E-4
88-89	0.005991141122933722
90-91	0.0032489823304273015
92-93	5.65473423313471E-4
94-95	6.639609667085767E-6
96-97	0.0
98-99	0.0
100	0.0
>>END_MODULE
>>Sequence Length Distribution	pass
#Length	Count
100	4.5183379E7
>>END_MODULE
>>Sequence Duplication Levels	pass
#Total Deduplicated Percentage	85.28383472399229
#Duplication Level	Percentage of deduplicated	Percentage of total
1	88.02959758249168	75.0750165104477
2	9.059285641840376	15.45221238792302
3	1.83124104983798	4.685257771025173
4	0.5980573115582075	2.0401848365762136
5	0.21744061124360953	0.9272084575791928
6	0.11377755700705203	0.582203182025342
7	0.050361439461992265	0.3006511675677224
8	0.03495436706437094	0.23848339708796568
9	0.0192525788202428	0.14777403751045992
>10	0.04564675673952944	0.5298186956594483
>50	3.7676766630848323E-4	0.01986008203048525
>100	8.336268752118907E-6	0.0013294745672998167
>500	0.0	0.0
>1k	0.0	0.0
>5k	0.0	0.0
>10k+	0.0	0.0
>>END_MODULE
>>Overrepresented sequences	pass
>>END_MODULE
>>Adapter Content	pass
#Position	Illumina Universal Adapter	Illumina Small RNA 3' Adapter	Illumina Small RNA 5' Adapter	Nextera Transposase Sequence	SOLID Small RNA Adapter
1	0.0	4.4264064447238445E-6	0.0	0.0	0.0
2	0.0	1.3279219334171532E-5	0.0	4.4264064447238445E-6	0.0
3	8.852812889447689E-6	1.3279219334171532E-5	0.0	4.4264064447238445E-6	1.5492422556533455E-5
4	1.7705625778895378E-5	1.3279219334171532E-5	0.0	1.3279219334171532E-5	1.5492422556533455E-5
5	1.7705625778895378E-5	1.3279219334171532E-5	0.0	1.3279219334171532E-5	1.5492422556533455E-5
6	1.7705625778895378E-5	1.3279219334171532E-5	0.0	1.5492422556533455E-5	1.5492422556533455E-5
7	1.7705625778895378E-5	1.3279219334171532E-5	0.0	1.5492422556533455E-5	1.7705625778895378E-5
8	1.9918829001257298E-5	1.5492422556533455E-5	0.0	1.9918829001257298E-5	1.7705625778895378E-5
9	1.9918829001257298E-5	1.5492422556533455E-5	0.0	1.9918829001257298E-5	1.7705625778895378E-5
10-11	1.9918829001257298E-5	2.4345235445981144E-5	0.0	1.9918829001257298E-5	1.9918829001257298E-5
12-13	1.9918829001257298E-5	4.426406444723844E-5	0.0	1.9918829001257298E-5	2.213203222361922E-5
14-15	1.9918829001257298E-5	4.869047089196229E-5	0.0	2.102543061243826E-5	2.323863383480018E-5
16-17	1.9918829001257298E-5	5.533008055904805E-5	0.0	2.4345235445981144E-5	2.8771641890704986E-5
18-19	1.9918829001257298E-5	5.533008055904805E-5	0.0	2.4345235445981144E-5	3.098484511306691E-5
20-21	2.102543061243826E-5	5.533008055904805E-5	0.0	2.6558438668343063E-5	3.209144672424787E-5
22-23	2.213203222361922E-5	5.643668217022901E-5	0.0	2.7665040279524027E-5	3.5411251557790756E-5
24-25	2.4345235445981144E-5	5.975648700377189E-5	0.0	3.098484511306691E-5	3.7624454780152675E-5
26-27	2.4345235445981144E-5	6.52894950596767E-5	0.0	3.873105639133364E-5	4.9797072503143244E-5
28-29	2.4345235445981144E-5	6.860929989321958E-5	0.0	4.205086122487652E-5	6.52894950596767E-5
30-31	2.4345235445981144E-5	6.971590150440054E-5	0.0	4.426406444723844E-5	6.639609667085766E-5
32-33	2.4345235445981144E-5	8.188851922739112E-5	0.0	4.7583869280781324E-5	7.082250311558151E-5
34-35	2.6558438668343063E-5	8.852812889447688E-5	0.0	4.869047089196229E-5	7.082250311558151E-5
36-37	2.6558438668343063E-5	1.0844695789573418E-4	0.0	4.869047089196229E-5	7.082250311558151E-5
38-39	2.8771641890704986E-5	1.3168559173053435E-4	0.0	5.090367411432421E-5	7.303570633794342E-5
40-41	2.8771641890704986E-5	1.3943180300880108E-4	0.0	5.8649885392590936E-5	7.303570633794342E-5
42-43	2.8771641890704986E-5	1.4607141267588685E-4	0.0	6.196969022613382E-5	7.303570633794342E-5
44-45	2.8771641890704986E-5	1.5935063201005838E-4	0.0	6.196969022613382E-5	7.303570633794342E-5
46-47	2.8771641890704986E-5	1.6377703845478223E-4	0.0	6.196969022613382E-5	7.41423079491244E-5
48-49	2.8771641890704986E-5	1.70416648121868E-4	0.0	6.196969022613382E-5	7.524890956030535E-5
50-51	2.8771641890704986E-5	1.7152324973304894E-4	0.0	6.307629183731478E-5	7.524890956030535E-5
52-53	3.098484511306691E-5	1.8258926584485856E-4	0.0	6.639609667085766E-5	7.746211278266728E-5
54-55	3.098484511306691E-5	1.8701567228958241E-4	0.0	6.971590150440054E-5	8.078191761621016E-5
56-57	3.098484511306691E-5	1.9144207873430627E-4	0.0	7.303570633794342E-5	8.410172244975304E-5
58-59	3.098484511306691E-5	1.9697508679021106E-4	0.0	7.856871439384823E-5	8.742152728329593E-5
60-61	3.098484511306691E-5	2.0140149323493492E-4	0.0	8.299512083857207E-5	8.852812889447688E-5
62-63	3.098484511306691E-5	2.124675093467445E-4	0.0	8.963473050565784E-5	9.516773856156265E-5
64-65	3.098484511306691E-5	2.1910711901383027E-4	0.0	9.62743401727436E-5	9.516773856156265E-5
66-67	3.098484511306691E-5	2.213203222361922E-4	0.0	9.738094178392457E-5	9.516773856156265E-5
68-69	3.098484511306691E-5	2.213203222361922E-4	0.0	9.848754339510553E-5	9.62743401727436E-5
70-71	3.098484511306691E-5	2.2242692384737318E-4	0.0	1.0180734822864841E-4	9.959414500628649E-5
72-73	3.098484511306691E-5	2.3127973673682083E-4	0.0	1.0402055145101034E-4	9.959414500628649E-5
74-75	3.098484511306691E-5	2.3681274479272566E-4	0.0	1.106601611180961E-4	9.959414500628649E-5
76-77	3.098484511306691E-5	2.4013254962626854E-4	0.0	1.1729977078518187E-4	9.959414500628649E-5
78-79	3.651785316897171E-5	2.4345235445981142E-4	0.0	1.1951297400754379E-4	1.0070074661746746E-4
80-81	5.643668217022901E-5	2.4345235445981142E-4	0.0	1.2393938045226764E-4	1.051271530621913E-4
82-83	1.1508656756281995E-4	2.4345235445981142E-4	0.0	1.2393938045226764E-4	1.0623375467337225E-4
84-85	2.965692317964976E-4	2.523051673492591E-4	0.0	1.2725918528581052E-4	1.0844695789573418E-4
86-87	4.371076364164796E-4	2.6005137862752584E-4	0.0	1.3279219334171532E-4	1.0844695789573418E-4
88-89	6.130572925942524E-4	2.6558438668343063E-4	0.0	1.4164500623116302E-4	1.0955355950691514E-4
>>END_MODULE
