##FastQC	0.11.8
>>Basic Statistics	pass
#Measure	Value
Filename	HISAT2 on data 8 and data 7_ aligned reads _BAM_
File type	Conventional base calls
Encoding	Sanger / Illumina 1.9
Total Sequences	80441231
Sequences flagged as poor quality	0
Sequence length	100
%GC	47
>>END_MODULE
>>Per base sequence quality	pass
#Base	Mean	Median	Lower Quartile	Upper Quartile	10th Percentile	90th Percentile
1	30.784347183846553	31.0	31.0	33.0	27.0	34.0
2	30.91784563814047	31.0	31.0	34.0	27.0	34.0
3	30.984518971371784	31.0	31.0	34.0	27.0	34.0
4	34.74031364587148	37.0	35.0	37.0	32.0	37.0
5	34.656350870612606	35.0	35.0	37.0	30.0	37.0
6	34.569046127600906	36.0	35.0	37.0	30.0	37.0
7	34.48522817856927	36.0	35.0	37.0	30.0	37.0
8	34.49299415867964	35.0	35.0	37.0	30.0	37.0
9	35.86387411202099	38.0	35.0	39.0	30.0	39.0
10-11	35.87454704665075	38.0	35.0	39.0	30.0	39.0
12-13	35.8790599935001	38.0	35.0	39.0	30.0	39.0
14-15	36.86416842004817	39.0	36.0	40.0	31.0	41.0
16-17	36.789873553774925	38.5	36.0	40.0	31.0	41.0
18-19	36.78501069930171	38.5	36.0	40.0	30.0	41.0
20-21	36.76727168061364	39.0	36.0	40.0	30.0	41.0
22-23	36.715138832223985	39.0	36.0	40.0	30.0	41.0
24-25	36.701656051235716	39.0	35.5	40.0	30.0	41.0
26-27	36.56691652941015	38.5	35.0	40.0	30.0	41.0
28-29	36.48340063940593	38.0	35.0	40.0	30.0	41.0
30-31	36.35492209834531	38.0	35.0	40.0	30.0	41.0
32-33	36.22890709492002	38.0	35.0	40.0	30.0	41.0
34-35	36.082531612426465	38.0	34.0	40.0	29.0	41.0
36-37	35.97938880994997	38.0	34.0	40.0	29.0	41.0
38-39	35.83165610058852	38.0	34.0	40.0	28.5	41.0
40-41	35.69323033482667	38.0	34.0	40.0	28.0	41.0
42-43	35.65167602917464	38.0	34.0	40.0	28.0	41.0
44-45	35.58640140029682	38.0	34.0	40.0	28.0	41.0
46-47	35.501780411590175	38.0	33.5	40.0	28.0	41.0
48-49	35.376674624733184	38.0	33.0	40.0	27.0	41.0
50-51	34.91960108740753	37.5	33.0	39.5	26.5	40.5
52-53	34.84386257714032	37.0	33.0	39.5	27.0	40.5
54-55	34.907811455545726	37.0	33.0	40.0	27.0	41.0
56-57	34.69417363839199	37.0	33.0	40.0	26.0	41.0
58-59	34.45642038968797	36.0	32.5	39.0	26.0	41.0
60-61	34.164458398206264	36.0	32.0	39.0	26.0	41.0
62-63	33.84874897053726	35.5	32.0	39.0	26.0	40.0
64-65	33.50973727639747	35.0	31.0	39.0	25.5	40.0
66-67	33.159662362700544	35.0	31.0	38.0	25.0	40.0
68-69	32.80333911100888	35.0	31.0	37.5	24.5	40.0
70-71	32.425028335282434	34.5	31.0	37.0	24.0	39.5
72-73	32.030384828397274	34.0	30.0	36.5	23.0	39.0
74-75	31.70920822929724	34.0	30.0	36.0	23.0	39.0
76-77	31.04411697155654	34.0	29.5	35.0	22.0	38.0
78-79	31.16487370139823	34.0	30.0	35.0	22.0	37.5
80-81	30.93931758702201	34.0	30.0	35.0	21.5	37.0
82-83	30.59707627423056	34.0	29.5	35.0	20.0	36.5
84-85	30.18601345745194	34.0	29.0	35.0	19.5	36.0
86-87	29.811858541796806	34.0	29.0	35.0	18.0	36.0
88-89	29.430408542604226	33.0	29.0	35.0	17.5	35.5
90-91	29.019328850151485	33.0	29.0	35.0	11.5	35.0
92-93	28.55351704525755	33.0	27.5	35.0	4.5	35.0
94-95	28.014140124235542	33.0	27.0	35.0	2.0	35.0
96-97	27.291973167342505	33.0	26.5	35.0	2.0	35.0
98-99	26.29735315089845	32.5	24.5	35.0	2.0	35.0
100	23.901664135398427	30.0	18.0	34.0	2.0	35.0
>>END_MODULE
>>Per sequence quality scores	pass
#Quality	Count
2	37565.0
3	21802.0
4	16248.0
5	15858.0
6	17196.0
7	20146.0
8	27560.0
9	38704.0
10	52228.0
11	66667.0
12	84426.0
13	103658.0
14	125409.0
15	152015.0
16	182840.0
17	220730.0
18	262419.0
19	313637.0
20	375867.0
21	459634.0
22	573894.0
23	731133.0
24	942985.0
25	1212890.0
26	1543228.0
27	1938819.0
28	2399893.0
29	2925449.0
30	3531647.0
31	4235381.0
32	5078697.0
33	6084631.0
34	7338548.0
35	8818836.0
36	1.0489819E7
37	1.1058613E7
38	7492687.0
39	1448151.0
40	1321.0
>>END_MODULE
>>Per base sequence content	warn
#Base	G	A	T	C
1	32.79216211327143	17.222968056600575	8.90808657696904	41.07678325315895
2	25.670731681543995	18.215451747436088	30.148916835450052	25.964899735569862
3	25.811190640176036	19.202378344293372	22.657382747449066	32.32904826808153
4	29.047668982201635	22.097713690228847	20.618475650519667	28.236141677049847
5	30.793761721523133	22.95746070817837	22.533017924601378	23.71575964569712
6	27.820153572736846	26.862811186964556	22.747210320538233	22.569824919760364
7	22.86282888932916	26.003955608287498	31.65537956523813	19.47783593714522
8	21.79688920971386	26.20109829000504	29.87574493980581	22.1262675604753
9	21.618021981786928	24.334544308502686	31.886575679081787	22.160858030628596
10-11	23.864966710914707	29.55217020485427	25.48788506232581	21.09497802190521
12-13	23.861177609278506	26.313873789425223	26.61245015009778	23.212498451198492
14-15	23.99977817345933	26.67297508164687	26.577877705526408	22.749369039367387
16-17	24.399435160309768	26.462459282852098	26.058775132369615	23.079330424468516
18-19	24.073299549580486	26.398388284236972	25.920645719606156	23.607666446576385
20-21	24.1475879275794	26.309165576843707	26.070140052609858	23.473106442967037
22-23	24.32778471527866	26.338624778131503	25.872616245765805	23.46097426082403
24-25	24.156511208947343	26.16832905424655	26.045387123560733	23.62977261324538
26-27	23.9899660411711	26.248864838977916	26.13344890259076	23.627720217260226
28-29	24.07559812206255	26.13019683898174	26.023315083281112	23.770889955674594
30-31	23.888365780976176	26.127436438659174	26.097655069450642	23.886542710914007
32-33	23.997937699387023	26.19830618952114	26.108983215336423	23.694772895755413
34-35	24.245712376032635	26.321743509867474	25.86033025775053	23.572213856349364
36-37	23.93220088837278	26.288450881613183	26.05226541100546	23.727082819008576
38-39	23.82195456456901	26.30683138103642	26.187338555273975	23.683875499120592
40-41	23.8626285061614	26.283779932978526	26.036123975005577	23.817467585854494
42-43	23.687953010067687	26.24834520496087	26.20804559790986	23.855656187061584
44-45	23.820847076135703	26.273408107703617	26.303995046120583	23.6017497700401
46-47	23.899153530672532	26.335951146421376	26.083865740922036	23.681029581984056
48-49	23.689588365449058	26.458861003755647	26.202115181454644	23.64943544934065
50-51	23.70243687593493	26.237454645615756	26.449475891287637	23.610632587161675
52-53	23.88086434067074	26.2116460180516	25.997620517537122	23.909869123740535
54-55	23.885765124603825	26.351819504104807	26.01056229485101	23.751853076440362
56-57	23.78367930527506	26.404264423384333	26.228854461913276	23.58320180942733
58-59	23.70852858570271	26.424368500158472	26.141303326285865	23.72579958785295
60-61	23.59021042885586	26.165902592595824	26.369900784864424	23.873986193683894
62-63	23.552456488527955	26.212114072480546	26.50143316321002	23.73399627578148
64-65	23.813002036555158	26.304010099099806	26.17639270528798	23.706595159057056
66-67	23.772619168396368	26.274300799797558	26.209512507335948	23.743567524470134
68-69	23.65665749197697	26.323833234227855	26.443212312352603	23.576296961442573
70-71	23.69396727586724	26.351312528172844	26.29477166726296	23.659948528696955
72-73	23.55685883626075	26.281504082072	26.334770607450487	23.826866474216764
74-75	23.649735962515738	26.317013675698398	26.45392356631046	23.579326795475406
76-77	23.76210496707968	26.43141003792728	26.1784751215763	23.62800987341674
78-79	23.64467148682111	26.31994751766683	26.30380893791269	23.731572057599365
80-81	23.58076528080533	26.3712112348089	26.430365257692696	23.617658226693074
82-83	23.686457313449935	26.337449595624413	26.23802353175297	23.738069559172683
84-85	23.67257126724691	26.30927634995139	26.178879288643397	23.839273094158305
86-87	23.68739754491875	26.397762649638395	26.303884579718506	23.61095522572435
88-89	23.82440689125331	26.551003364516408	26.072662865829106	23.55192687840118
90-91	23.733566759687967	26.347997293024704	26.28193340630932	23.636502540978007
92-93	23.55535811091224	26.434368535333025	26.44784174540004	23.562431608354693
94-95	23.53066781639339	26.47048302501464	26.273411612138364	23.725437546453605
96-97	23.704132551653316	26.292220373756432	26.20525994367972	23.798387130910534
98-99	23.697448509486627	26.410101508087084	26.33972461641132	23.552725366014972
100	24.101589751482972	26.378375489648715	25.670898865981595	23.849135892886718
>>END_MODULE
>>Per sequence GC content	pass
#GC Content	Count
0	2.0
1	1.0
2	3.0
3	5.5
4	4.0
5	7.5
6	13.5
7	20.5
8	29.0
9	40.5
10	69.0
11	102.5
12	158.0
13	292.0
14	608.0
15	1267.5
16	2780.5
17	5534.0
18	10783.0
19	20020.0
20	35142.5
21	59559.0
22	95574.5
23	147022.0
24	215171.5
25	300400.0
26	402032.0
27	523412.5
28	655853.5
29	781912.5
30	908526.5
31	1043751.5
32	1177860.5
33	1308404.5
34	1435354.5
35	1546993.5
36	1672016.5
37	1866679.5
38	2010582.5
39	2154545.5
40	2305800.0
41	2334129.0
42	2430520.0
43	2570777.5
44	2662602.0
45	2773793.5
46	2793958.0
47	2717485.5
48	2655995.0
49	2616700.0
50	2574165.0
51	2482130.0
52	2353041.0
53	2243471.0
54	2209674.0
55	2182225.0
56	2079614.0
57	1966004.5
58	1883654.0
59	1824013.0
60	1751934.0
61	1654036.0
62	1541464.5
63	1423127.5
64	1302230.0
65	1169128.5
66	1026473.5
67	884807.5
68	749283.0
69	618798.5
70	499116.5
71	394653.0
72	309798.0
73	245182.5
74	194193.0
75	150243.5
76	114735.5
77	90129.0
78	72329.0
79	58997.0
80	46571.0
81	33815.0
82	23992.0
83	17203.0
84	11677.0
85	7209.0
86	4192.0
87	2236.5
88	929.0
89	319.0
90	102.0
91	26.0
92	7.5
93	3.0
94	1.5
95	0.5
96	0.0
97	0.0
98	0.0
99	0.0
100	0.0
>>END_MODULE
>>Per base N content	pass
#Base	N-Count
1	0.003244604747533016
2	0.0022836547590874136
3	7.458861488581646E-5
4	0.003301789352278809
5	0.0
6	0.0
7	0.0
8	0.0
9	0.0
10-11	0.0
12-13	0.0
14-15	0.0
16-17	0.0
18-19	0.0
20-21	3.85374510243385E-5
22-23	0.0
24-25	2.4862871628605487E-6
26-27	0.0
28-29	0.0
30-31	0.0
32-33	0.0
34-35	0.0
36-37	0.0
38-39	0.0
40-41	6.215717907151372E-7
42-43	0.0
44-45	3.978059460576878E-5
46-47	5.0968886838641244E-5
48-49	0.0
50-51	0.0
52-53	0.001305300760501788
54-55	0.0
56-57	6.607308135301908E-4
58-59	4.84825996757807E-5
60-61	9.572205577013111E-5
62-63	5.749539064115019E-4
64-65	2.4862871628605487E-6
66-67	0.0
68-69	0.0
70-71	3.617547821962098E-4
72-73	0.007581932703143243
74-75	1.2431435814302743E-6
76-77	2.262521318203099E-4
78-79	5.563067526900477E-4
80-81	4.711514173620739E-4
82-83	6.215717907151372E-5
84-85	1.2431435814302743E-6
86-87	2.3184627793674617E-4
88-89	1.2617907351517282E-4
90-91	1.9517354228455305E-4
92-93	1.4793408619020264E-4
94-95	1.0753191979371873E-4
96-97	5.7806176536507745E-5
98-99	6.71297533972348E-5
100	0.0674579433027324
>>END_MODULE
>>Sequence Length Distribution	pass
#Length	Count
100	8.0441231E7
>>END_MODULE
>>Sequence Duplication Levels	pass
#Total Deduplicated Percentage	83.57720147692686
#Duplication Level	Percentage of deduplicated	Percentage of total
1	87.63029717197088	73.23895002224785
2	8.861999633655872	14.813222577410176
3	2.018473501894155	5.060950996309376
4	0.7055285716346209	2.3586441431694056
5	0.3337650940669559	1.3947576256399712
6	0.1646493362104716	0.8256558447302912
7	0.09607188926833579	0.5620593751954096
8	0.05449342964473634	0.3643526678869495
9	0.03804032621144572	0.2861373607219819
>10	0.09654131530038526	1.087793056446556
>50	1.3973014213382494E-4	0.0074763302420656555
>100	0.0	0.0
>500	0.0	0.0
>1k	0.0	0.0
>5k	0.0	0.0
>10k+	0.0	0.0
>>END_MODULE
>>Overrepresented sequences	pass
>>END_MODULE
>>Adapter Content	pass
#Position	Illumina Universal Adapter	Illumina Small RNA 3' Adapter	Illumina Small RNA 5' Adapter	Nextera Transposase Sequence	SOLID Small RNA Adapter
1	2.4862871628605487E-6	3.729430744290823E-6	0.0	2.4862871628605487E-6	1.2431435814302743E-6
2	2.4862871628605487E-6	2.8592302372896307E-5	0.0	1.8647153721454114E-5	1.2431435814302743E-6
3	2.4862871628605487E-6	3.729430744290823E-5	0.0	2.2376584465744937E-5	6.215717907151371E-6
4	8.70200507001192E-6	3.978059460576878E-5	0.0	3.107858953575686E-5	1.8647153721454114E-5
5	1.3674579395733016E-5	4.35100253500596E-5	0.0	3.107858953575686E-5	1.989029730288439E-5
6	1.8647153721454114E-5	4.972574325721097E-5	0.0	3.107858953575686E-5	2.113344088431466E-5
7	1.8647153721454114E-5	6.215717907151372E-5	2.4862871628605487E-6	3.232173311718713E-5	2.113344088431466E-5
8	2.361972804717521E-5	6.837289697866508E-5	2.4862871628605487E-6	3.232173311718713E-5	2.113344088431466E-5
9	2.4862871628605484E-5	7.458861488581646E-5	2.4862871628605487E-6	3.35648766986174E-5	2.361972804717521E-5
10-11	2.734915879146603E-5	8.515533532797378E-5	2.4862871628605487E-6	3.480802028004768E-5	2.4241299837890346E-5
12-13	2.9835445954326582E-5	9.945148651442194E-5	2.4862871628605487E-6	3.729430744290823E-5	2.734915879146603E-5
14-15	3.107858953575686E-5	1.0504563263085818E-4	2.4862871628605487E-6	4.537474072220501E-5	2.9835445954326582E-5
16-17	3.35648766986174E-5	1.1872021202659119E-4	2.4862871628605487E-6	5.0968886838641244E-5	3.232173311718713E-5
18-19	3.418644848933254E-5	1.3488107858518474E-4	2.4862871628605487E-6	5.594146116436234E-5	3.978059460576877E-5
20-21	3.605116386147795E-5	1.4793408619020264E-4	2.4862871628605487E-6	6.091403549008344E-5	5.407674579221693E-5
22-23	4.102373818719905E-5	1.5104194514377832E-4	2.4862871628605487E-6	6.52650380250894E-5	7.023761235081049E-5
24-25	4.35100253500596E-5	1.5663609126021456E-4	2.4862871628605487E-6	6.899446876938022E-5	7.458861488581646E-5
26-27	4.35100253500596E-5	1.6036552200450536E-4	2.4862871628605487E-6	7.769647383939214E-5	8.20474763743981E-5
28-29	4.35100253500596E-5	1.6844595528380215E-4	2.4862871628605487E-6	8.70200507001192E-5	9.572205577013112E-5
30-31	4.35100253500596E-5	1.7652638856309894E-4	2.4862871628605487E-6	9.012790965369488E-5	1.0691034800300358E-4
32-33	4.972574325721097E-5	1.8522839363311087E-4	2.4862871628605487E-6	9.137105323512516E-5	1.1623392486373064E-4
34-35	4.972574325721097E-5	1.9641668586598332E-4	2.4862871628605487E-6	9.19926250258403E-5	1.1872021202659119E-4
36-37	5.221203042007152E-5	2.1382069600600715E-4	2.4862871628605487E-6	9.323576860727057E-5	1.2244964277088202E-4
38-39	5.221203042007152E-5	2.293599907738856E-4	2.4862871628605487E-6	9.447891218870083E-5	1.3115164784089392E-4
40-41	5.221203042007152E-5	2.3371099330889156E-4	2.4862871628605487E-6	9.820834293299166E-5	1.4606937081805722E-4
42-43	5.221203042007152E-5	2.4987185986748514E-4	2.4862871628605487E-6	1.038024890494279E-4	1.622302373766508E-4
44-45	5.3455174001501794E-5	2.6043858030964245E-4	2.4862871628605487E-6	1.0691034800300359E-4	1.709322424466627E-4
46-47	5.7184604745792614E-5	2.685190135889392E-4	2.4862871628605487E-6	1.1001820695657926E-4	1.7279695781880812E-4
48-49	6.153560728079858E-5	2.7597787507752087E-4	2.4862871628605487E-6	1.1188292232872468E-4	1.790126757259595E-4
50-51	6.588660981580453E-5	2.797073058218117E-4	2.4862871628605487E-6	1.1685549665444578E-4	1.9268725512169252E-4
52-53	7.023761235081049E-5	2.8405830835681763E-4	2.4862871628605487E-6	1.1934178381730633E-4	2.0325397556384984E-4
54-55	7.583175846724673E-5	2.983544595432658E-4	2.4862871628605487E-6	1.1996335560802147E-4	2.1755012675029798E-4
56-57	7.831804563010728E-5	3.1016432356685347E-4	2.4862871628605487E-6	1.2307121456159716E-4	2.293599907738856E-4
58-59	7.831804563010728E-5	3.269467619161621E-4	2.4862871628605487E-6	1.2680064530588798E-4	2.4179142658818835E-4
60-61	7.956118921153756E-5	3.412429131026103E-4	2.4862871628605487E-6	1.4171836828305126E-4	2.4552085733247915E-4
62-63	8.515533532797378E-5	3.667273565219309E-4	2.4862871628605487E-6	1.578792348416448E-4	2.473855727046246E-4
64-65	9.323576860727057E-5	3.8661765382481527E-4	2.4862871628605487E-6	1.6720281170237188E-4	2.5857386493749706E-4
66-67	1.0007305830513707E-4	4.009138050112634E-4	2.4862871628605487E-6	1.7279695781880812E-4	2.635464392632181E-4
68-69	1.056672044215733E-4	4.096158100812754E-4	2.4862871628605487E-6	1.7963424751667463E-4	2.685190135889392E-4
70-71	1.0939663516586413E-4	4.201825305234327E-4	2.4862871628605487E-6	1.839852500516806E-4	2.7597787507752087E-4
72-73	1.0939663516586413E-4	4.369649688727414E-4	2.4862871628605487E-6	2.057402627267104E-4	2.828151647753874E-4
74-75	1.1623392486373064E-4	4.5188269184990464E-4	2.4862871628605487E-6	2.1382069600600718E-4	2.94625028798975E-4
76-77	1.255575017244577E-4	4.6555727124563773E-4	2.4862871628605487E-6	2.1879327033172825E-4	2.9897603133398093E-4
78-79	1.926872551216925E-4	4.7674556347851015E-4	2.4862871628605487E-6	2.2687370361102504E-4	3.0208389028755665E-4
80-81	4.363433970820263E-4	4.842044249670918E-4	2.4862871628605487E-6	2.293599907738856E-4	3.201094722182956E-4
82-83	0.0010063247291678071	4.910417146649583E-4	2.4862871628605487E-6	2.3184627793674614E-4	3.2508204654401666E-4
84-85	0.0020499437657785224	4.947711454092491E-4	2.4862871628605487E-6	2.4241299837890348E-4	3.2881147728830754E-4
86-87	0.0037269444571279625	5.016084351071157E-4	2.4862871628605487E-6	3.045701774504172E-4	3.3502719519545887E-4
88-89	0.005720946761742122	5.078241530142671E-4	3.107858953575686E-6	3.213526157997259E-4	3.3999976952117997E-4
>>END_MODULE
