##FastQC	0.11.8
>>Basic Statistics	pass
#Measure	Value
Filename	HISAT2 on data 4 and data 3_ aligned reads _BAM_
File type	Conventional base calls
Encoding	Sanger / Illumina 1.9
Total Sequences	146274535
Sequences flagged as poor quality	0
Sequence length	100
%GC	47
>>END_MODULE
>>Per base sequence quality	pass
#Base	Mean	Median	Lower Quartile	Upper Quartile	10th Percentile	90th Percentile
1	31.87750088557793	33.0	31.0	34.0	30.0	34.0
2	31.910348503244258	33.0	31.0	34.0	30.0	34.0
3	31.139182353237356	33.0	31.0	34.0	27.0	34.0
4	35.151840687786155	37.0	35.0	37.0	32.0	37.0
5	35.39784038964814	37.0	35.0	37.0	33.0	37.0
6	35.44777438533645	37.0	35.0	37.0	33.0	37.0
7	35.55099136702093	37.0	35.0	37.0	33.0	37.0
8	35.537399924053766	37.0	35.0	37.0	33.0	37.0
9	37.17478188530902	39.0	37.0	39.0	33.0	39.0
10-11	37.15209504169677	39.0	37.0	39.0	33.0	39.0
12-13	37.102530009751874	39.0	37.0	39.0	33.0	39.0
14-15	38.359236096699945	40.0	38.0	41.0	33.0	41.0
16-17	38.28941381697095	40.0	38.0	41.0	33.0	41.0
18-19	38.25959561245571	40.0	38.0	41.0	33.0	41.0
20-21	38.19671297878335	40.0	38.0	41.0	33.0	41.0
22-23	38.08288017801595	40.0	38.0	41.0	33.0	41.0
24-25	38.03275837793639	40.0	38.0	41.0	33.0	41.0
26-27	37.992953428291536	40.0	37.5	41.0	33.0	41.0
28-29	37.87342272870667	40.0	37.0	41.0	32.5	41.0
30-31	37.75879365468501	40.0	37.0	41.0	32.0	41.0
32-33	37.630825023644746	40.0	37.0	41.0	32.0	41.0
34-35	37.46245157094501	39.5	37.0	41.0	31.5	41.0
36-37	37.37862692915073	39.0	36.5	41.0	31.0	41.0
38-39	37.38230143408079	39.0	36.5	41.0	31.0	41.0
40-41	37.410300477113125	39.0	36.5	41.0	31.0	41.0
42-43	37.41412385963148	40.0	36.0	41.0	31.0	41.0
44-45	37.33511061922022	39.0	36.0	41.0	31.0	41.0
46-47	37.18880338604392	39.0	36.0	41.0	31.0	41.0
48-49	36.97079048311451	39.0	35.0	41.0	31.0	41.0
50-51	36.55373556648121	38.5	35.0	40.5	30.5	41.0
52-53	36.47727733333762	38.5	35.0	40.0	30.0	41.0
54-55	36.50405613321553	38.5	35.0	40.0	30.0	41.0
56-57	36.3194792381326	38.0	35.0	40.0	30.0	41.0
58-59	36.06006325366203	38.0	34.5	40.0	29.5	41.0
60-61	35.75824848118642	37.5	34.0	40.0	29.0	41.0
62-63	35.42183960796731	37.0	34.0	40.0	28.5	41.0
64-65	35.11776153313357	36.5	34.0	39.5	28.0	41.0
66-67	34.77780057547269	36.0	33.5	39.0	28.0	41.0
68-69	34.390315064067714	35.5	33.0	39.0	28.0	40.0
70-71	34.02599596710391	35.0	33.0	38.5	27.0	40.0
72-73	33.62784669935884	35.0	32.5	37.5	26.0	40.0
74-75	33.23859664978596	35.0	32.0	37.0	26.0	39.0
76-77	32.453961015839155	34.0	31.0	36.0	25.5	39.0
78-79	32.49844922767999	35.0	31.5	36.0	26.0	39.0
80-81	32.2268677490583	34.5	31.0	36.0	25.5	37.5
82-83	31.84447744099819	34.0	31.0	35.0	25.0	37.0
84-85	31.45860368655419	34.0	31.0	35.0	24.0	36.5
86-87	31.099123405177806	34.0	31.0	35.0	23.5	36.0
88-89	30.69151627451764	34.0	30.0	35.0	22.0	36.0
90-91	30.28031646451653	34.0	30.0	35.0	20.0	35.5
92-93	29.788528533008154	34.0	29.5	35.0	18.5	35.0
94-95	29.285420938101083	34.0	29.0	35.0	11.0	35.0
96-97	28.7212983893608	33.5	29.0	35.0	2.0	35.0
98-99	27.898892247375798	33.0	28.5	35.0	2.0	35.0
100	24.76259399491511	30.0	20.0	34.0	2.0	35.0
>>END_MODULE
>>Per sequence quality scores	pass
#Quality	Count
2	38601.0
3	21218.0
4	18657.0
5	18803.0
6	19977.0
7	23901.0
8	31622.0
9	43723.0
10	58595.0
11	75818.0
12	95647.0
13	118623.0
14	146571.0
15	176635.0
16	215477.0
17	258945.0
18	310540.0
19	370080.0
20	441399.0
21	533742.0
22	657211.0
23	822740.0
24	1036235.0
25	1316680.0
26	1664886.0
27	2086288.0
28	2600033.0
29	3220527.0
30	3993396.0
31	4971179.0
32	6270894.0
33	8094768.0
34	1.0899752E7
35	1.5339408E7
36	2.2276879E7
37	2.9326167E7
38	2.4484576E7
39	4193469.0
40	873.0
>>END_MODULE
>>Per base sequence content	fail
#Base	G	A	T	C
1	25.61550898121955	14.271438445040536	14.288156951246794	45.82489562249312
2	19.930234278713158	23.092747852424505	37.88127073196021	19.095747136902137
3	24.127508825206025	25.778020588908973	26.450467766719783	23.64400281916522
4	24.643814809981514	33.238617749133354	20.298349201980656	21.81921823890448
5	25.775717303446854	32.731018012516685	21.69903290598372	19.794231778052737
6	20.321570509023065	33.662683571865294	22.72606822183318	23.28967769727846
7	18.66437971027258	14.818891000706905	41.54058278146673	24.976146507553782
8	20.75489790286221	20.578349819467615	27.779894656899867	30.886857620770307
9	20.148055728312922	20.316195064354204	31.19435308881829	28.341396118514588
10-11	25.363273396320867	29.62117027537918	20.655378487369962	24.360177840929992
12-13	22.2839378354243	23.225619216403764	28.7613365986683	25.729106349503635
14-15	23.025828795148794	25.111483690582233	27.494660639324543	24.36802687494443
16-17	24.064754675172956	25.65101950247184	26.003749388094104	24.280476434261097
18-19	23.903936576234926	26.002972185703648	25.809959059339167	24.283132178722255
20-21	23.804495772281893	26.14866456420456	26.082451398666212	23.96438826484733
22-23	23.772699702679933	26.413238182517233	26.10332740759181	23.71073470721102
24-25	23.758425552335545	26.566477548535705	26.0932926568524	23.58180424227635
26-27	23.652948546375484	26.47940292546478	26.18135822479285	23.686290303366885
28-29	23.811791239762535	26.17554248473556	26.12357230001665	23.889093975485256
30-31	23.454675946512232	26.33994329985947	26.31676973287817	23.888611020750126
32-33	23.43630402463074	26.49673759129398	26.320307243292913	23.74665114078237
34-35	23.864736482892216	26.491846343261454	25.935099347609153	23.708317826237177
36-37	23.714498055749722	26.382672841217207	26.086064422989523	23.816764680043544
38-39	23.555386451920697	26.343512218309222	26.34255203750947	23.75854929226061
40-41	23.692829719130536	26.238069052825907	26.20196673330734	23.867134494736217
42-43	23.481673080890523	26.35193105319934	26.330872703100866	23.83552316280927
44-45	23.50667003590253	26.372897328917777	26.370569513947277	23.749863121232416
46-47	23.580478310869353	26.334547910201866	26.214588889310093	23.87038488961869
48-49	23.613817333276774	26.306032693934046	26.245912523324723	23.83423744946446
50-51	23.53822888794241	26.37722068004408	26.268414316973367	23.81613611504015
52-53	23.66202159754951	26.33931561465632	26.175339967915797	23.82332281987837
54-55	23.51915064039787	26.33862672227006	26.33061849303174	23.811604144300333
56-57	23.494552151318157	26.393060202572933	26.40134189049414	23.711045755614773
58-59	23.65717176950862	26.391338041170325	26.236942746049408	23.714547443271652
60-61	23.49995031944114	26.433680637835206	26.354090564042316	23.71227847868134
62-63	23.46713014674769	26.459624363188027	26.461173846835333	23.612071643228948
64-65	23.603531195638393	26.426900280352967	26.27147678165581	23.69809174235283
66-67	23.53486579191655	26.480379171945412	26.293017441484263	23.691737594653777
68-69	23.47910454817033	26.525915122546788	26.40838475405169	23.586595575231193
70-71	23.577735181315052	26.452069733122034	26.320058716987205	23.650136368575705
72-73	23.564822133941497	26.462396889520107	26.329508755573894	23.643272220964505
74-75	23.504548826629325	26.54764857054579	26.389305561627662	23.558497041197228
76-77	23.596891625736497	26.468182585574446	26.294693057817614	23.640232730871443
78-79	23.505522609940027	26.320788555594284	26.454226963715215	23.71946187075048
80-81	23.507338444111273	26.47176010506545	26.466204455888377	23.5546969949349
82-83	23.63721511745021	26.445895726142627	26.340320275159307	23.57656888124785
84-85	23.534364337579333	26.403295351443095	26.40025312676605	23.662087184211526
86-87	23.520596390889228	26.49019872119231	26.47033333587422	23.518871552044242
88-89	23.63828333094017	26.45690552344818	26.274018882022304	23.63079226358934
90-91	23.594169347385037	26.465314006980094	26.32505001639554	23.615466629239325
92-93	23.511872042526065	26.507627250361793	26.465234362221697	23.51526634489045
94-95	23.6320740000856	26.45098061447586	26.28574645223531	23.63119893320323
96-97	23.619468024946617	26.3991574006953	26.358409357715196	23.622965216642893
98-99	23.579314389977764	26.450880157373774	26.449528925443865	23.520276527204594
100	23.954599494610466	26.178003827361984	26.200401387035633	23.666995290991917
>>END_MODULE
>>Per sequence GC content	pass
#GC Content	Count
0	9.0
1	8.0
2	7.5
3	9.0
4	20.0
5	31.5
6	36.5
7	50.0
8	85.0
9	117.5
10	158.5
11	284.0
12	457.5
13	702.0
14	1258.0
15	2502.0
16	5160.0
17	10272.5
18	19866.0
19	36285.5
20	63922.5
21	107516.0
22	172100.5
23	266920.0
24	394988.0
25	558240.0
26	756014.0
27	986529.5
28	1250065.5
29	1530501.0
30	1818894.0
31	2101266.5
32	2371341.5
33	2634506.0
34	2888813.5
35	3137050.0
36	3381502.0
37	3628886.5
38	3861331.5
39	4071977.5
40	4229846.5
41	4327428.5
42	4418150.0
43	4504759.0
44	4553622.0
45	4595033.0
46	4600605.0
47	4539314.0
48	4511051.0
49	4500040.0
50	4494000.5
51	4498378.0
52	4465571.0
53	4354600.5
54	4153109.5
55	4001225.0
56	3868326.5
57	3701279.0
58	3557192.0
59	3429936.5
60	3273379.5
61	3059027.5
62	2797853.0
63	2514728.0
64	2262216.5
65	1988928.5
66	1707078.0
67	1463353.5
68	1244053.0
69	1030391.5
70	825085.0
71	646151.0
72	503377.0
73	399471.0
74	316992.0
75	248517.5
76	190890.5
77	144605.0
78	106708.0
79	75389.5
80	50569.5
81	30882.5
82	17184.5
83	8583.0
84	3837.0
85	1437.0
86	511.0
87	145.5
88	30.5
89	7.5
90	1.5
91	0.5
92	0.5
93	0.0
94	0.0
95	0.0
96	0.0
97	0.0
98	0.0
99	0.0
100	0.0
>>END_MODULE
>>Per base N content	pass
#Base	N-Count
1	0.011928938963983032
2	6.706567209391574E-4
3	0.006809797754612585
4	0.0036910047261473093
5	0.003624691064647719
6	0.0037771441214972923
7	2.440616201582866E-4
8	3.438739354050929E-4
9	1.298927390198164E-5
10-11	5.356366369580324E-4
12-13	4.443698966467404E-6
14-15	0.0
16-17	0.0
18-19	1.880026485813132E-5
20-21	0.0
22-23	9.912866925196516E-6
24-25	0.0
26-27	0.0
28-29	1.9210452455036006E-4
30-31	8.06702273912544E-5
32-33	6.631366149959048E-5
34-35	7.109918346347846E-5
36-37	1.948391085297246E-5
38-39	0.0
40-41	0.0
42-43	1.1963804909719933E-5
44-45	1.5382034883925626E-5
46-47	0.0
48-49	0.0
50-51	1.0254689922617083E-6
52-53	4.785521963887973E-5
54-55	6.83645994841139E-7
56-57	4.101875969046833E-6
58-59	0.0
60-61	8.887397932934808E-6
62-63	0.0
64-65	0.0
66-67	0.0
68-69	0.0
70-71	0.0
72-73	0.0
74-75	0.0
76-77	0.0
78-79	2.105629664110708E-4
80-81	0.0
82-83	0.0
84-85	0.0
86-87	0.0
88-89	2.184248953517439E-4
90-91	0.0
92-93	0.0
94-95	1.0254689922617083E-6
96-97	1.7432972868449044E-5
98-99	4.1599858786083303E-4
100	0.06387372894400246
>>END_MODULE
>>Sequence Length Distribution	pass
#Length	Count
100	1.46274535E8
>>END_MODULE
>>Sequence Duplication Levels	pass
#Total Deduplicated Percentage	82.24112823265871
#Duplication Level	Percentage of deduplicated	Percentage of total
1	87.97834664084824	72.35438487787299
2	8.020052256244176	13.191562920768021
3	2.0847094127277708	5.143465624199256
4	0.841309595590916	2.767610013374351
5	0.4100775373051012	1.6862619665420857
6	0.22613604869724677	1.1158610267362217
7	0.1378409595112437	0.7935337218813836
8	0.08116997089781999	0.5340407988199032
9	0.05211182742260707	0.3857161933350727
>10	0.16688768959131256	1.9427425186503853
>50	0.0011870574223027716	0.06244927369406897
>100	1.7100374130114666E-4	0.022371064126266996
>500	0.0	0.0
>1k	0.0	0.0
>5k	0.0	0.0
>10k+	0.0	0.0
>>END_MODULE
>>Overrepresented sequences	pass
>>END_MODULE
>>Adapter Content	pass
#Position	Illumina Universal Adapter	Illumina Small RNA 3' Adapter	Illumina Small RNA 5' Adapter	Nextera Transposase Sequence	SOLID Small RNA Adapter
1	0.0	2.0509379845234167E-5	0.0	6.15281395357025E-6	1.367291989682278E-6
2	8.203751938093667E-6	6.15281395357025E-5	0.0	5.400803359244998E-5	1.367291989682278E-6
3	2.1876671834916447E-5	6.563001550474933E-5	0.0	5.742626356665567E-5	6.15281395357025E-6
4	6.016084754602023E-5	6.631366149959048E-5	0.0	6.768095348927276E-5	7.520105943252529E-6
5	6.289543152538479E-5	6.836459948411389E-5	0.0	7.178282945831959E-5	7.520105943252529E-6
6	6.357907752022592E-5	6.836459948411389E-5	0.0	8.272116537577782E-5	7.520105943252529E-6
7	7.178282945831959E-5	8.613939534998351E-5	0.0	9.024127131903035E-5	7.520105943252529E-6
8	7.451741343768414E-5	9.229220930355375E-5	0.0	1.1143429715910565E-4	7.520105943252529E-6
9	7.520105943252528E-5	9.502679328291831E-5	0.0	1.2920909302497526E-4	1.0254689922617084E-5
10-11	7.827746640931041E-5	1.0562330620295596E-4	0.0	1.3843831395533065E-4	1.5040211886505058E-5
12-13	7.998658139641326E-5	1.1758711111267589E-4	0.0	1.5484581783151797E-4	2.0509379845234167E-5
14-15	8.443028036288066E-5	1.3843831395533065E-4	0.0	1.7193696770254643E-4	2.1193025840075307E-5
16-17	8.887397932934806E-5	1.5826404780572366E-4	0.0	1.8697717958905148E-4	2.3927609819439862E-5
18-19	9.331767829581547E-5	1.6749326873607905E-4	6.83645994841139E-7	1.9654822351682745E-4	2.666219379880442E-5
20-21	9.63940852726006E-5	1.756970206741727E-4	6.83645994841139E-7	2.0782838243170625E-4	2.9396777778168972E-5
22-23	1.0152143023390913E-4	1.958645775219863E-4	6.83645994841139E-7	2.1808307235432332E-4	3.2815007752374673E-5
24-25	1.1587799612557305E-4	2.341487532330901E-4	6.83645994841139E-7	2.3654151421503408E-4	3.520776873431866E-5
26-27	1.2442357106108728E-4	2.4235250517118376E-4	6.83645994841139E-7	2.471380271350717E-4	4.853886563372086E-5
28-29	1.4595841989858318E-4	2.5807636305253E-4	6.83645994841139E-7	2.5499995607574483E-4	6.05026705434408E-5
30-31	1.5655493281862081E-4	2.7380022093387616E-4	6.83645994841139E-7	2.6286188501641793E-4	6.118631653828193E-5
32-33	1.7638066666901385E-4	2.9191683979716635E-4	6.83645994841139E-7	2.768766279106613E-4	6.528819250732877E-5
34-35	1.9415546253488347E-4	3.031969987120451E-4	6.83645994841139E-7	2.9430960077911036E-4	6.631366149959048E-5
36-37	2.0030827648845372E-4	3.425066434154106E-4	6.83645994841139E-7	3.0388064470688626E-4	6.973189147379618E-5
38-39	2.0201739147555656E-4	3.695106602116356E-4	6.83645994841139E-7	3.134516886346622E-4	7.109918346347845E-5
40-41	2.0919567442138852E-4	3.78739881141991E-4	6.83645994841139E-7	3.2541549354438213E-4	7.17828294583196E-5
42-43	2.208176563336879E-4	3.975401460001223E-4	6.83645994841139E-7	3.49343103363822E-4	7.349194444542244E-5
44-45	2.23894063310473E-4	4.324060917370204E-4	6.83645994841139E-7	3.636996692554859E-4	7.520105943252528E-5
46-47	2.481634961273334E-4	4.6727203747391847E-4	6.83645994841139E-7	3.770307661548881E-4	7.827746640931042E-5
48-49	2.7995303488744644E-4	4.946178772675641E-4	6.83645994841139E-7	3.9002004005686975E-4	8.032840439383383E-5
50-51	2.8713131783327834E-4	5.127344961308542E-4	6.83645994841139E-7	4.0608572093563653E-4	8.135387338609553E-5
52-53	2.929423087894281E-4	5.407639819193409E-4	6.83645994841139E-7	4.2625327778345013E-4	8.203751938093667E-5
54-55	3.008042377301011E-4	5.636661227465191E-4	6.83645994841139E-7	4.5291547158225455E-4	8.716486434224522E-5
56-57	3.0285517571462453E-4	5.957974845040527E-4	6.83645994841139E-7	4.929087622804612E-4	9.229220930355375E-5
58-59	3.114007506501388E-4	6.306634302409508E-4	6.83645994841139E-7	5.322184069838267E-4	1.0357236821843254E-4
60-61	3.172117416062885E-4	6.433108811455118E-4	6.83645994841139E-7	5.937465465195291E-4	1.052814832055354E-4
62-63	3.22339086567597E-4	6.81253233859195E-4	6.83645994841139E-7	6.265615542719039E-4	1.0938335917458223E-4
64-65	3.404557054308872E-4	7.024462596992704E-4	6.83645994841139E-7	6.583510930320168E-4	1.1382705814104964E-4
66-67	3.527613333380277E-4	7.366285594413273E-4	6.83645994841139E-7	6.935588617663355E-4	1.1485252713331134E-4
68-69	3.5583774031481283E-4	7.420977274000564E-4	6.83645994841139E-7	7.356030904490656E-4	1.1485252713331134E-4
70-71	3.6233237726580365E-4	7.605561692607671E-4	6.83645994841139E-7	7.735454431627487E-4	1.1519435013073191E-4
72-73	3.6472513824774766E-4	7.824328410956836E-4	6.83645994841139E-7	8.190079018196845E-4	1.1553617312815248E-4
74-75	3.7258706718842075E-4	8.043095129305999E-4	6.83645994841139E-7	8.449864496236478E-4	1.1553617312815248E-4
76-77	3.773725891523087E-4	8.186660788222638E-4	6.83645994841139E-7	8.784851033708635E-4	1.1690346511783477E-4
78-79	3.8420904910072007E-4	8.251607157732547E-4	6.83645994841139E-7	8.972853682289949E-4	1.1929622609977876E-4
80-81	4.436862506518992E-4	8.326808217165073E-4	6.83645994841139E-7	9.311258449736313E-4	1.2271445607398444E-4
82-83	5.503350258471169E-4	8.566084315359472E-4	6.83645994841139E-7	9.444569418730335E-4	1.2373992506624614E-4
84-85	7.390213204232712E-4	8.928416692625275E-4	6.83645994841139E-7	9.63940852726006E-4	1.25449040053349E-4
86-87	0.001126648599498197	9.106164651283971E-4	1.367291989682278E-6	0.0010223925852849234	1.2715815504045185E-4
88-89	0.0015778549560933487	9.191620400639112E-4	1.7091149871028473E-6	0.0010497384250785688	1.3228550000176037E-4
>>END_MODULE
